276010512 181821945
3638545781 3554901931
3641044842 3539632166
3634096395 3578050336
3624948170 3534452167
3359975350 3357245164
118834275 117860358
180460600 177857524
196522881 191275026
208535216 206922169
144345624 143581452
131137675 129266351
3381070483 3380194027
3405145401 3393548498
3424319070 3423030829
3443834971 3442194578
137174730 136454798
3366290112 3356904950
138716503 136981581
138728777 137680736
143693112 142867394
141375423 140089424
3361508558 3360157799
148669600 147831131
3404306901 3402089832
3388794039 3387988848
115187062 112425666
3380145538 3379333061
152019726 151370518
3351823560 3350989240
3475069071 3474032860
3471430015 3469172429
138170213 137399670
3506191399 3505495781
3433658781 3432220633
3467310488 3465368153
137065813 136434507
152260730 150970359
127836797 126788265
142456762 141703396
3393169224 3390111043
137765621 137196342
163797141 162988927
132838046 132320743
3403977492 3403252549
3419168712 3416481880
3304162005 3303382851
117732945 117162022
135434500 132999935
124078543 123485332
145617269 144817808
143605913 142923555
111994827 111267661
3477989828 3477298916
3484459948 3483003767
3509574310 3508903422
149112854 148551277
3432163756 3430836478
129812011 129065598
3381702146 3380868020
3466839039 3466173844
3511166443 3503140355
142282133 141637643
3461045568 3460364858
155025437 154381271
138063501 137117637
3437612412 3436911257
137916483 137289365
3410450141 3409620417
137003995 136200490
147908194 147260816
3433605309 3432976306
3409264542 3408500313
3379762460 3379152869
3390994545 3389525461
3396217522 3395523271
3466004434 3465191816
3449336928 3448641731
3461107953 3459714863
3440582837 3439941271
3404176366 3403477796
3390929222 3390301073
3377185513 3376566107
156899132 156258169
3399416267 3398690826
109985406 109355600
3394302946 3393496940
165981086 165511894
105416289 103546934
3369978247 3369273528
136227566 135582225
3347509119 3346256163
127059200 126311765
3409797188 3409094973
3363127328 3362610185
3341797989 3341197082
103830872 103251691
135974538 134558536
137894603 137360089
3307363729 3306650340
139307907 138666593
3413034698 3412180127
130944653 130268339
3318548613 3317915213
3314342770 3313785025
3181803829 3181009282
3230848749 3230104061
99151724 98542173
3417278267 3416730066
3437822008 3437255124
3424280498 3423806336
3418954816 3418356659
3393166960 3392131768
3412562185 3411902382
3425312707 3424788661
3451632639 3451120496
189387422 188896084
215222071 214733893
202466565 202071656
128686635 128168996
148305115 147879324
155641563 155223451
3367485039 3366661601
128148137 127597174
90487640 89775812
119893775 119008282
3371683335 3370972414
154644093 154084888
148056095 147326358
146811174 146158807
3293277322 3292683665
3304622190 3304120648
3274600472 3273920805
3280873753 3280229514
108662012 108137714
123394889 122082306
3339779106 3339118080
126836869 126170420
3402145141 3401607571
3408588588 3408093834
134029013 133592780
3275799852 3274060905
126110305 122498721
3300729626 3300031536
3233449540 3232532125
3394934272 3394298069
135354778 134697581
3309618727 3308950649
3328936465 3328416291
3279787265 3278655463
110395548 108635555
3329151342 3328389770
3399154248 3398503883
3420105997 3419553175
133187461 132520810
3412793285 3412255886
3421088090 3420533444
130478356 129949426
117797680 117331878
3267391685 3266756982
126486126 125795373
122992246 122274621
3416037667 3415481129
3375973415 3375373544
3412871736 3412335634
3349004818 3348434746
173204917 172751389
3394877517 3394229871
124641231 124012599
145420754 144879785
3442369122 3441493548
3452130261 3451492486
3435148002 3434460227
3388718953 3388119958
138340952 137688580
159551979 158911056
3342495439 3341863253
3445916369 3445062104
3505230129 3504059466
3433014698 3432506210
130341221 129789102
3484778011 3484165413
160250703 159524290
3503630595 3502632355
150743661 150106740
128784859 128232750
3415588678 3414961589
3495374426 3494669942
3641116239 3639906293
213180824 212671180
123440603 122840051
3571178780 3570565377
3588986165 3588304542
3389227602 3388646661
143736878 142478322
3459949032 3459319510
113687693 113133639
3453619173 3452995554
135786312 135290167
130486833 129899485
145215723 144697293
3273602026 3272246238
114104050 113513253
106126879 105586279
147329371 146853498
129906383 129370234
3315407880 3314673639
3317370754 3316707492
109922459 109287924
3423109720 3422521972
3450855540 3450326714
3451587401 3451020616
154379928 152837529
3420433489 3419877081
117823424 117307021
144581638 143951901
140018012 139514601
3411649140 3410972006
128290237 127705531
3374900330 3374274613
108966902 108238410
3267364668 3266682119
126356588 125871767
3149846989 3148913524
122927379 122409637
113960758 113439614
2921214418 2920664656
150459070 149852846
3292732595 3292153726
3346496487 3345912618
126884842 126284495
3421671825 3421073793
3475826055 3474989226
127067667 126485821
3396073113 3395509703
3415653421 3415059785
125516718 124883221
3420463170 3419865413
3507396166 3506568325
3431689706 3431122707
125966608 124937219
3391242775 3390665305
3436016370 3435459838
3439152515 3438588990
3413833502 3413175098
113710321 113159661
3410298356 3409680874
150290464 149674581
137147261 136536986
123077625 122517690
3395249583 3394671257
3415739047 3415181654
3454523756 3453904606
115687003 114102197
114963342 114468959
132956755 132360060
3418060633 3417464673
108623292 107992461
108576274 108097390
136164757 135753072
137310814 136909830
120713554 120147436
3366928224 3366064757
140321655 139842200
3301198184 3300580223
123167132 122588809
130249205 129751479
3393060688 3392371400
110168699 109681394
3373141894 3372547563
110913153 110361571
3247769776 3246513861
3303730839 3302778749
3408136389 3407629131
144966388 144276444
3528612076 3528040327
3572895364 3564113860
3596784407 3596173813
3510112019 3509541737
113675848 113107164
3451996733 3451413768
132922250 132375458
3465205637 3464615497
3450892114 3450368855
3442195433 3433604756
3410566208 3410021530
3410903947 3410337823
106296573 105730253
3461196863 3460458872
3442535746 3442003569
116336297 115876792
137810715 137302830
3456291339 3455766815
3465164547 3464602422
139762728 139306491
3404793480 3404254328
3458477654 3457929906
3445670259 3445103166
3466614926 3464413286
3494704320 3494156400
3418129906 3417507167
123093013 122611854
156835345 156327958
135713218 135190389
137490342 136989980
3387693743 3387132841
3393260407 3392707003
3316182992 3315660857
111303368 110615759
3315448032 3314927228
103583360 102895788
138539035 138042617
3377608982 3377090143
3378739839 3378217304
3385496193 3384977697
107380778 106894075
3371469560 3370711832
3346182867 3345595789
3419701156 3419119403
3408580105 3407904457
128933914 128457424
114543586 114108041
3507898262 3506943962
3428730623 3428136842
3443882803 3443298382
123920454 123406044
3463329859 3462747314
3466853212 3466282399
144541172 144047010
136284494 135846626
3391400189 3390884860
3366378350 3365832318
130982307 130406827
139959981 139598185
3350863364 3350248459
114774922 114247499
114313097 113829798
111810134 111207185
3327308966 3326773549
120688325 120179272
3396361626 3395856099
99385031 98804339
3370318742 3369734807
134274692 133729593
3375755522 3375145725
101678340 101126621
3380149341 3379438096
128173442 127613515
134615561 134023395
3454596964 3454001758
3431824042 3431272854
3505190047 3504516548
3432950972 3432484705
113613942 113037633
3458358734 3457778674
3431166533 3430642356
3374378943 3373836721
141926902 141497318
136372765 135847081
129704385 129041930
3390179728 3389756056
3286934838 3286417278
138314485 137918346
135053668 134608474
134023052 133417294
3269834567 3269207434
3322570491 3322055119
156940763 156431721
3367308163 3366771258
3353610066 3353098318
3347500284 3346954627
160447999 159963439
123020708 122038666
129005749 128466987
3513196348 3512632546
146751151 146221478
140663390 140051586
123588943 123082722
147884424 147294661
3438496308 3437730792
3397890619 3397357245
3353326633 3352683066
103119638 102684783
129190919 128759946
3290053841 3289557384
117615383 117080934
129134056 128575675
3154855977 3154239720
3144607054 3144023004
3162043829 3161484964
3189353179 3188859447
142855277 142377107
131838027 131214639
3329862834 3329286782
3394908253 3394379853
3437099930 3436289610
3383980247 3383489944
98143182 97620029
3397584705 3397084641
3385365889 3384837113
3396389392 3395855604
3383996775 3383495465
3360523320 3359962653
3266353641 3265860632
3281367246 3280868666
148516446 148053062
3283574350 3282998028
149669435 149118440
147152411 146664185
3244042027 3243431664
137556335 137017594
3316612467 3316106977
3357119094 3356559631
127331355 126855760
3337557632 3337027269
124274424 123745890
3306849576 3306303016
3366990360 3366432752
3332307758 3331516181
3379660301 3379140344
3349834410 3349377578
3479286807 3478718208
134008506 133470321
122949431 122381464
3308935863 3308317616
3043448837 3042842904
3049659886 3049132831
3082823340 3082453622
3377870563 3377160364
158848230 158301282
3380021092 3379471200
3354208815 3353693126
3348297214 3347789161
3357378260 3356872494
114211704 113703008
3451243352 3450749071
3421476319 3420895185
109538407 109032785
3402860749 3402416704
120207858 119703453
3372083063 3371568605
114126591 113733554
3343514036 3342138949
136339199 135858216
3379346654 3378776822
3379969793 3379438296
3377143795 3376641867
98339481 97872454
3364451417 3363938578
97217165 96848841
121763210 121310013
125474026 125053588
3262855982 3262206334
110889847 110469939
142928283 142512811
3500482571 3499922369
144809755 144119632
3623227395 3622696720
3518017391 3517495418
3572710786 3572237669
3557525795 3549036705
125402720 124954362
3436471863 3435792871
3407249583 3406814366
3384723143 3384279208
3384212844 3383737065
129448696 128961545
3382631603 3382018939
115246689 114763059
112943655 112570522
141292600 140783361
3346184115 3345641465
3433650457 3432946173
3402244442 3401812894
3441821400 3441309545
3478411666 3477903295
3372380535 3371857259
3350317242 3349768738
125371765 124958946
3370197222 3369693562
122480220 122036965
3324556233 3324056385
152816964 152225406
3363481734 3362959258
121397279 120984247
118931255 118449769
141327166 140708115
3506941543 3506361472
3563368291 3562618727
3515352986 3514875217
3526262052 3525762842
149525232 148923949
3535044427 3534529916
120440557 120077756
142857219 142319473
117103295 116600130
147335182 146903736
141986480 141549449
169576196 168984531
129219154 128673347
143129843 142705523
104157953 103743329
142460622 141930064
3268624528 3268117419
3259703432 3259018901
3269328890 3268806735
147427653 146867253
3405617034 3405048927
3454970147 3454443463
3426142602 3425649115
3389305065 3388799534
3379557044 3379046678
3351620257 3351093377
3503357866 3502735499
3427796096 3427339854
120867882 120334125
3417075923 3416456333
3344683020 3343446422
3317628916 3316872699
125236956 124708652
110089463 109460404
3324107274 3323621956
3359960994 3359448805
3345082012 3344542575
111990388 111514840
158562162 158102176
3306889057 3306313921
142107745 141536743
3369560777 3369038925
103129792 102655680
3440418488 3439988686
3437115147 3436629366
116395524 115946087
125210052 124709314
109800850 109329655
3336141442 3335669037
112250092 111766920
147972602 147621776
3320053846 3319398629
118097588 117732408
128911264 128435596
143108301 142697049
3392924100 3392306806
3394780523 3394172594
129116162 128687655
3365916629 3365274173
3363144154 3362567586
3379245405 3378753336
122814478 122326928
3437590233 3437058641
111179596 110595050
3440863661 3440374670
3417756676 3417292273
125773594 125275170
138009393 137619008
3371512595 3371018229
145017372 144505340
3361968692 3361443960
175133976 174631427
147582133 147180459
113055101 112659022
3447126367 3446603744
153682904 153212464
3457844979 3457403334
3468582154 3465678057
107881907 107486940
3360231802 3359743272
3321977951 3321521648
114942541 114461915
147322433 146836249
134665289 134188958
3371132524 3370453780
3322198639 3321707025
129270344 128844368
3326682092 3326286774
126226614 125865038
116501342 116037873
3383431311 3382917061
3390516109 3390010691
3460422872 3459945861
3453642834 3453254274
126696280 126305891
3417418514 3416766303
134061264 133626751
3340504978 3339907657
3359250981 3358742167
111187821 110569121
3453115706 3452608069
3428364706 3427889863
3492958250 3492462270
3471493371 3470998655
3441908276 3441416588
170913285 170532915
114424598 113561622
3450718463 3449547504
3402458626 3402071793
3418532738 3418140726
3398555701 3397936604
3474669768 3473968278
151395832 150870006
3511332226 3510835288
120694241 120145723
3454254340 3453845821
3451551178 3451236819
104073199 103611423
114147519 113809029
139899261 139525439
118697557 118201329
3370522399 3370094043
135083010 134596791
3342641647 3342030393
3436434278 3435940227
3420222738 3419625901
100178928 99724372
3394421889 3393939796
3421034177 3420571895
3344130910 3343501439
3439751694 3439266901
106548487 106106111
3468456312 3467785703
3435458757 3434914928
3401214278 3400666873
106539331 106144316
3413097274 3412634321
3426328279 3425864011
3457344521 3456907416
161108045 160692296
3406479644 3406008337
135393415 135035391
3441053549 3440587106
3488898526 3488413923
196519828 196086442
154095109 153544797
3491628734 3491141623
3510041960 3509610844
3461955308 3461364632
3386616351 3386088026
117657313 117308804
81648452 81246610
3293391765 3292947900
138604724 138194079
106644480 106075187
141133017 140710506
3388415085 3387820323
3357806006 3357349444
3380517909 3380061902
3388061206 3387615140
117888530 117482973
132683680 132272554
143293527 142847411
3329961625 3329492793
3469452809 3468841973
3348446452 3348014549
119705673 119264857
117827275 117239216
3367318429 3366859299
153998034 153493777
144146999 143780312
3297016038 3296585673
3276494342 3276062060
3355089784 3354514255
3440333437 3439865874
3449529863 3449166706
118308082 117935070
3412470740 3412025429
3429759526 3428663004
118288589 117918505
3444970705 3444530267
3459509391 3458973732
3450246002 3449831144
3484966028 3484501811
3477674415 3477297390
133453385 133073818
3454928745 3454431978
113617483 113193896
3361444567 3360954632
3403917558 3403483757
3396305974 3395955918
3373188805 3372682661
153900101 153572202
106434615 105991431
137236072 136821526
127052041 126651898
132110252 131653634
161805753 161381949
3450990131 3450425631
3402158544 3401693987
136534047 136113929
116563827 116109017
3381467468 3381049988
3414702799 3414231939
3374725913 3371151374
148834664 148371776
3403643284 3403187897
3329788728 3329331998
3365471508 3365040695
134977228 134540822
3300392842 3299930587
132281960 131800891
3294773713 3294343541
3278468078 3277936185
145329740 144899428
117566648 117075372
132755483 132306815
3396115473 3395676040
119103903 118505668
3288357211 3287863536
131181087 130746000
3311083578 3310642644
3272105438 3271656771
3381843410 3381399267
3407465970 3406843320
135922803 135525001
3335307605 3334772439
133852091 133358307
3323106938 3322667831
135835476 135512424
126787730 126361919
106210747 105829919
127454291 127052719
3235880678 3235393287
122476874 122021725
113930940 113523843
130365850 129998956
118693034 118284349
135252176 134841904
3176936759 3176093838
102651874 102160068
3402850220 3402265218
118840552 118344658
3545736505 3545316487
3544150906 3543696945
3524642143 3524198320
3675966740 3675501037
3387305977 3386843379
142643949 142093472
128401062 127974557
3368151671 3367634023
3336698709 3336237419
3330449455 3329963031
140628396 140199902
3313699579 3313257747
3359040585 3358548734
3365910114 3365468149
130753754 130197978
3446653658 3446096140
131461053 131084047
3391726773 3390559668
144838342 144454450
3440110216 3439598648
126539005 126089428
3393861638 3393386195
127958965 127518516
3410939833 3410401407
3620664817 3620163770
151143947 150618617
3620870895 3620436814
115337929 114930366
3760844215 3760297286
3571302855 3570792766
3530245573 3529769563
3410590233 3410132059
3381706759 3381241441
134832032 134407726
137129819 136723816
3397129764 3396660788
141854528 141419962
116654189 108954735
3379244737 3378789895
3380251989 3379766920
117228418 116799302
149396343 148713514
3389460067 3388967431
287412921 286968908
3590489122 3590112205
130726382 130382336
125023672 124590199
127602768 127169618
136731023 136335100
3635200567 3634734452
139749002 139283436
3628291055 3627839270
3625173918 3624716204
148605578 148235198
123284410 122786876
174753951 174284033
3517983491 3517540358
140325577 139893043
137494973 137088693
3433943420 3433488239
3476470219 3476021386
3447433394 3446918500
3291116575 3290604740
128031507 127658843
115376346 114946582
134651248 134213110
135106921 134673762
3308673410 3308209313
118958202 118519705
3293804179 3293363569
120360598 119965081
3314126840 3313662300
128834365 128339604
3316917484 3316506734
107391029 106830191
147145834 146721737
3295608280 3295177183
141196666 140789056
135064214 134357680
3298551785 3298111204
105237046 104793284
3336875593 3336359863
3353762335 3353279378
135519723 135101342
119149395 118736348
3376188988 3375736198
3407825642 3407377130
3374425282 3373982547
3341625869 3341178616
139529010 139158105
3424718355 3424236872
3368408223 3367717535
3395161681 3394681339
3371425401 3370983090
3381653930 3381257056
3424490443 3423994631
3386904524 3386377191
144097776 143477123
3394655227 3394193290
132983835 132573866
3389860806 3389370792
3388236417 3387808802
140538095 140119714
124824645 124420847
142524238 142095112
139892596 139553736
3381300269 3380808688
100211688 99737691
107892018 107469770
113991427 113421257
101709021 101177798
3271832798 3271344815
126907834 126427702
3268791378 3268288125
3267597560 3267174759
3276753207 3276397354
120461206 120036230
119499006 119202103
140285119 139838967
148980435 148694064
129043202 128694035
3371647497 3371203592
3367915377 3367463024
3374291899 3373870260
3454784022 3454336568
3460174443 3459679615
141831561 141397452
110311902 109894484
128423328 127994114
3366926009 3366479586
133060455 132619165
3399033466 3398500106
3343151623 3342716846
87219656 86795695
103069139 102545037
114645265 114202893
3248029782 3247550706
3347393589 3346948966
3540089044 3539635579
3481083703 3480605245
3502344118 3501851942
110920632 110473852
125469272 124998711
104482338 104051003
112274180 111859911
120242640 119838074
121080562 120588256
3386590001 3386097923
169491599 169104120
143843754 143403415
123350275 122918048
168656600 168193732
3340160555 3339631396
148856404 148416963
124294068 123879081
3404319400 3403878580
3395582543 3395143144
3402910607 3402432284
153040242 152591552
145122691 144678444
3345023617 3344527263
117574601 117138732
110997481 110449250
3338428101 3337982968
128923111 128442584
3356841599 3356361587
3323305072 3322868412
134196815 133758338
130160525 129634838
120514338 120092862
3233194531 3232610396
132633150 132217687
3276994163 3276541454
142004849 141555937
120242945 119608452
102036588 101551823
3209591671 3209232423
3327665255 3327125256
3355860123 3355371091
3402769075 3402317140
134843068 134101426
3380515685 3380157338
3426233941 3425780472
132502642 132061240
3363848055 3363397608
3452446208 3452000275
131464116 130757867
141286360 140864027
3402003665 3401351738
3423457972 3422999165
3418174734 3417731371
116383009 115949946
118438340 117732310
3447635550 3447095049
119803408 119245515
131755074 131337830
133728966 133317533
169634075 169270946
111451929 111049984
120223461 119808981
3359546846 3359104837
117298976 116839835
135254623 134822984
116969170 116521897
3350710698 3350256409
119837049 119378824
136725933 136316929
103899995 103505763
3341393724 3340944767
98844033 98397188
3357168578 3356494124
134522135 134072811
3386305705 3385734848
126470032 126123472
131671220 131238544
122088855 121515031
127318251 126818773
3214462348 3213999117
3183646974 3183230065
3135128939 3134635037
3178819747 3178316983
3408994074 3408452827
3455950945 3455507349
3481496219 3481018517
84361636 83950737
3397951788 3397508488
190349212 190009983
115248116 114819627
133009492 132595218
3354022735 3353554004
106953385 106537585
108796593 108326102
3364914394 3364462306
3385660162 3385147917
3442040874 3441648981
3383927306 3383458914
3363700218 3363085212
3425502154 3424978687
137885622 137446110
145465640 145015358
3435832708 3435447759
3439498011 3439111063
3372168373 3371713593
3338082825 3337585235
140270286 139851084
3349660340 3349218269
3400511304 3400124313
3405051829 3404623416
141058392 140621860
147504078 147226598
143553462 143092234
3379619364 3378944835
95963606 95594089
116649938 116229103
3310722499 3310214586
135432767 135016718
3379023336 3378562449
150323878 149838374
3426121545 3425696915
3464462008 3464007050
3431572458 3431088063
3435524937 3434977492
3482610618 3482132422
3407317114 3406826810
137651603 137159343
3388878028 3388431587
3337373289 3336990048
125922065 125540647
3316155320 3315684205
3372005345 3371535524
3379080994 3378643960
3418726381 3418245551
3391973800 3391501854
3412494094 3411927304
3379581719 3379097617
3367075352 3366606585
3335671925 3335208812
3317914264 3317465358
130263310 129872204
108071204 107641159
120385589 119983136
111825375 111422690
140558391 140101387
3226242219 3225777169
115027414 114644820
114859250 114366955
139346611 138871804
3141434755 3140920330
3160846698 3160352536
3355372635 3354919743
3432218116 3431803149
107735144 107234826
3355064451 3354544458
3390067995 3389616801
3418029215 3417539535
3368812544 3368286158
3391729158 3391308828
3393247619 3392806953
123278319 122950551
107763792 107348933
3294455986 3293920994
127332607 126986700
151060483 150719241
3213432335 3212998944
146230319 145758652
128576155 128054158
136620130 136175166
3222414065 3221944151
122138315 121592828
3382804638 3382300564
3387470316 3386884879
130793691 130011083
3371445396 3370988566
128320471 127840490
139690593 138997393
3423408856 3422968039
3408919035 3408455272
137242823 136560198
125101554 124667770
3405863529 3404616219
145208950 144469100
113496201 113033786
3386348790 3385942514
121217559 120486026
3359759655 3359297835
3302812076 3302331000
125168488 124457784
3311441215 3310945026
3299674991 3299073190
109412920 108655903
3305676471 3305190235
3408098675 3407613443
141872555 139696523
150682249 150126971
3441683320 3441264404
3387369046 3386862756
136812850 136217384
110110864 109690915
3387867983 3387426493
3376342421 3375860891
113719221 113225299
3415829458 3415360886
3429538161 3429107146
3487156405 3486658021
3431857024 3431398478
3391058674 3390578402
119283076 118693786
3436423653 3435854050
3447662823 3447226058
134704120 134252352
110384809 110058858
128616132 128163129
129819046 129490893
150862720 150135356
3398341376 3397867833
151452677 151031335
3476485355 3476004818
3424943524 3424490960
3447670418 3447270732
114784256 114367278
3459090454 3458684220
118067698 117581779
115329949 114892780
3386744120 3386347864
117605537 117267537
3366400640 3365949866
3357381689 3356914806
113593977 112930907
3316109482 3315684548
3299430366 3298946969
3301321206 3300866635
132428313 132044280
3311080576 3309985361
3342359017 3341903374
134557756 134124563
109070008 108654232
104947201 104475837
140540928 140126080
108673752 108134438
3273218617 3272714750
3304530369 3304143888
3343833506 3343440222
3305090835 3304446570
125130102 124683464
142964119 142518382
123687373 122992014
117680379 117244838
117169418 116716557
3343883141 3343392613
129181128 128739765
3366221046 3365755351
130588376 130215039
3373659346 3373197879
3365785579 3365290797
116046631 115663855
157627744 157216230
146907285 146494149
125361045 124941421
119443583 119153034
3316244732 3315787663
121373722 120977418
127148925 126864359
118958724 118511597
3245301354 3244258193
3217515549 3217058138
114339914 113911277
132736647 132259259
3309647254 3309226410
3332506878 3332120320
3285893694 3285458634
129377524 129041482
103149484 102720124
3344992366 3344567489
126542818 126128915
3339407587 3338960470
3325608482 3325123083
3321448058 3321006762
3310525601 3310020396
123273884 122849594
132149718 131723260
131460120 131028667
3293405706 3292892895
156750156 156246380
3246598922 3246143189
118370839 117881515
145969594 145484494
3248567862 3248099361
112195205 111768111
128924874 128250958
3307380338 3306923392
100776012 100420731
3355130576 3354596234
3392619248 3392182793
3424216279 3423761102
138119438 137690869
3338166772 3337657674
3282448750 3281943028
103166574 102765196
3272568438 3272115280
139484843 139077899
130504754 130016622
3206206468 3205760605
122222143 121769999
116714461 116299101
3244233380 3243784568
133748726 133269929
3286388036 3285939890
3249873435 3249406674
135925419 135465419
3254382613 3253934667
123622504 123135378
164676856 164255656
111321523 110904038
3286597545 3286130642
3442749990 3442209684
3385526871 3385072855
116819282 116276132
3374006822 3373470642
110862969 110455318
123357904 122874322
3379328338 3378811511
3280369097 3279871574
3370660132 3370207319
130960724 130491258
3382764989 3382319067
129114063 128637950
3436886498 3436432946
3440641719 3440196357
114740076 114325209
3359852380 3359188322
3388861271 3388381877
3410710842 3410256859
3449411602 3448974265
3421163260 3420708742
123807041 123422110
3351003621 3350547800
107521039 107192635
131645244 131259685
3274079119 3273629525
3314196424 3313706461
3376791113 3376255378
128733955 128293267
3374688574 3374217123
3420143304 3419684029
3354476300 3353997491
3378681322 3378218512
3374056821 3373635852
3396448951 3395992793
136151322 135754061
3387333181 3386856687
3315745053 3315261995
3337207579 3336677542
3352885076 3352452298
119756463 119307237
125877019 125493493
3315745402 3315285784
3372529962 3372074143
138075131 137606484
3373661095 3373198309
3467160768 3466761100
3435206168 3434707382
3465418856 3465060382
3411472413 3411013082
179190246 178715744
122503367 122092244
3361878712 3361400244
3440521040 3440092460
3393571034 3393120968
3386488280 3386083536
134469413 133965432
115806320 115387852
142498469 142018336
3344330238 3343855880
141874598 141450474
117636825 117208216
3335024891 3334519682
3375557259 3375053098
3349245070 3348779092
145223030 144766181
3360971418 3360528219
139703818 139282689
138490066 138053712
3362690783 3362195474
3401687924 3401255971
3338220271 3337737064
3380192680 3379751208
128464263 128018241
3379949944 3379505553
3344747508 3344296486
133261034 132816097
3355428137 3354901633
123975883 123539654
143205138 142760825
116100304 115745302
3331878152 3331437897
3304014211 3303620690
3318207672 3317724415
110727714 110282987
141422873 140998011
3347910012 3347419667
3368118718 3367665214
3343486849 3343010299
3349639989 3349275103
111997148 111562603
133505416 132991330
3336497057 3335982877
3338347505 3337851642
3306931328 3306516808
107537399 107154528
111810294 110487484
3304301204 3303886719
3301424508 3300944979
131936364 131517492
120243930 119763459
3271476467 3271020674
3328430711 3327998053
3335852295 3335540876
126117950 125612666
137734977 137326243
3426576243 3426121203
3459775289 3459322424
3472250526 3471816950
3390702482 3390314289
3433040272 3432580941
113858334 113431491
3423005300 3422539803
125369106 124941840
127600696 127173934
3384356756 3383785134
3397127520 3396713757
124950816 124531864
126123436 125841969
3366852242 3366312203
139816489 139466006
3314869617 3314407013
3436479505 3435850358
3398305187 3397931913
3403106283 3402626470
3443040833 3442635379
155206503 154766438
137423306 137036716
111763603 111346638
115257987 114853781
3324253052 3323862409
191629343 191178682
3338892824 3338439356
3345226485 3344748057
3418716026 3418257975
3380147249 3379667858
133920132 133431396
3419963202 3419501032
3398102920 3397656518
135137191 134703012
3392014441 3391460424
3421510546 3420913118
3395789452 3395344115
3418384588 3417944535
3397987985 3397532627
3440127430 3439637736
124433874 124019090
3394050082 3393601580
3409024707 3408584478
3406992460 3406560022
117894016 117448124
3385727356 3385269108
101350015 100777455
153304636 152867075
3398502422 3398054614
3372208342 3371724529
3374065427 3373591707
3412154351 3411642447
3375565842 3375096465
3387662949 3387136216
3377299515 3376869803
3382177541 3381687093
155509129 155140667
123419041 122966180
3401982184 3401409546
119623963 119235570
124527182 124087350
120438196 119912711
3397712233 3397165968
3403717263 3403158996
3389477250 3389035620
3455549250 3455068640
3396110471 3395676983
3397199892 3396681843
3388050851 3387626643
131885477 131531615
3317677452 3317231905
3323716623 3323280836
149510773 149058663
3343931123 3343460533
102676493 102184106
3407984414 3407625225
3429520495 3429083548
142061876 141644758
137746466 137404567
132366544 131954585
136332059 135990818
3290165948 3289715688
132913176 132410159
3315461081 3314985224
138690462 138223972
3286963512 3286533489
114321622 113947148
150099578 149681831
3309248206 3308617429
3321255289 3320848792
3249350027 3248824956
3396362427 3395917621
3401645404 3401200852
114717826 114292341
127783267 127384898
109431583 109020888
98293024 97866415
3336601837 3336153956
3320867394 3320440703
141740032 141316507
3280887231 3280437647
121042253 120535785
3374551376 3374134747
3353396510 3352935730
114550068 114140120
123952451 123479994
145071264 144612256
3365814896 3365348690
152279128 151736791
3383623269 3383164790
3368199922 3367755529
3398861610 3398393341
147467046 147032242
113024549 112579526
3098041111 3097593990
2974832982 2974390216
2837002846 2836562451
2788755810 2788216769
