527714476 462766504
24047253 19805874
378491964 371067983
370297937 365434673
23582785 19414167
45554649 34508292
26339891 21713373
373328968 369989951
26666014 23140768
372846637 366635219
371844683 368487575
375582975 372699270
374159472 370639547
23118699 19777718
408668263 398594886
21650110 20588213
23363892 19908653
371895208 368391149
369937692 366057207
382445021 376767191
376767139 372887260
373540625 369786894
23111925 19415735
21993537 19293525
24327062 21513300
26885046 23887278
26116829 23539818
378003549 368962011
373968451 371265258
372228888 368288218
22221267 18443475
369811064 366858499
32847702 26371083
24337360 22888574
22381245 19438468
369433373 366253442
21062917 17832763
367898935 364084862
374940143 366556691
367752657 366188100
21072159 18555717
23658807 19260046
373159979 369163195
375615976 372671234
39822200 34117003
371249097 368070407
22182321 19539871
371748300 370295515
369907435 368946139
370990786 368418770
22314642 19789317
21945979 20666464
368826989 366843250
21088548 18421806
22300001 18370024
370475150 366138805
369515185 366434296
21128281 18598747
370335128 368569460
369493700 366424359
23305028 18429213
371247249 367991068
30175213 27710788
374781784 371563952
24937271 22715079
383346788 382243969
369933845 366851954
367545960 364138894
380626047 377193504
367696134 364086843
372411189 369581526
384535256 376809236
23022895 20407654
24025458 20148132
381960919 375713185
28296876 26082297
26558899 25940643
369480728 368278069
365233793 362525093
367705830 363890828
369589977 366894921
367419993 364661830
369273494 366530710
21265274 18952025
23149080 19784976
26033402 23617071
34082785 31598290
22611629 21743081
368737524 366650389
24018994 19134683
24087150 21976085
21594808 20461138
366322861 365326650
21360387 18464314
23476046 20993992
23523596 21211263
364620305 363250111
365633599 362975553
368902505 366203574
364714062 361923665
363739039 361085182
20716057 18346331
20998293 18133914
21243773 17968862
368687928 365647817
20529508 18030221
367817349 363608986
24387579 22111830
371158913 368932155
363315461 360708594
401031481 398826620
385025797 384261731
19737542 18961156
364760042 363670877
365913783 363210205
21447586 18979561
369750377 367168962
365031642 362402634
26653898 24063210
365521349 363141802
20781805 19872020
367090820 365847957
365391057 362778516
392410161 389665449
366086303 362007034
20860387 18663860
25295259 22302567
24999032 22793884
419574812 418725163
370085632 368731872
364465806 361769604
364814208 362315273
22879794 21655732
20392506 19544111
365937533 364792261
370042790 367254727
20976828 18646709
20257160 19209302
367792636 366814964
24016155 21933264
364461026 361856158
364540104 361938694
21015418 20037600
367700244 366591620
364991240 362473457
365578786 362939578
362248757 359677241
20120686 17897290
367629908 366498027
365678915 364323917
368173189 366796424
377224562 375831460
373377032 367645078
20150295 17842056
366257490 365087098
389086822 385216140
371932110 370425471
367435163 364771831
368302791 365621954
20008623 19273306
369597784 368078574
369524278 368628412
364238828 363045624
21325133 20553880
21254770 19554373
365862755 364718035
20206977 19445556
19855596 18689275
19801172 18236014
20675814 20138019
371159105 370397688
368371681 367215410
368120069 365542859
20973486 20235038
370671747 369540182
19582463 19039588
19884872 18998562
368237524 367406242
22226266 21619347
20651811 19889941
21098251 20273306
377913531 372196937
369132491 367803780
367949841 366815252
369021556 367931806
21076278 19444431
369403356 368255830
22166030 21390093
22096364 21295902
365557956 364427795
374381659 373193633
23205737 22138527
21263054 19013652
21050728 18810014
364014819 361325101
372480381 371230163
364396299 362944933
369401499 368223661
372763283 370216481
20440889 18120435
373195457 372075403
20578276 18213983
21605439 21035075
23616346 21481295
368073029 365355559
364505439 361863905
20695635 19854352
20438381 17976620
366736476 365649321
22501169 21847623
22793732 20579905
22057701 19755727
20463847 19574305
367397559 366310745
22497410 21923894
26223685 20505471
20914932 18432954
368125244 365347752
368820479 367493215
19696920 18961079
371038602 369921017
19729482 19097205
21908886 21314943
368958644 367265639
366749812 365507677
20174213 19602349
366907908 366117714
19801668 19232488
20117316 19528295
367590570 366730925
380756373 379745275
20078927 19479574
19913364 19272769
371051260 370205975
20329065 19753061
370546603 369466546
369713726 368562778
371597083 370413178
371415759 370270336
369569799 368478652
20244506 18483528
25532802 24464227
369825958 368594669
20838010 20080007
370452431 367898628
370774020 369106218
373616132 372449551
364718401 363239985
367071809 365594412
21355994 20584560
21026491 18689532
20549233 19970743
20698599 18477072
20188209 17812213
26374106 24846778
404723049 402292914
21986315 19799180
366754422 365348515
367888434 366865733
20694318 19719270
19981505 19322013
20064388 19417192
19764706 19236515
368594179 367355795
365493985 364774473
366737238 365772376
19647334 18842186
20687842 20159612
367140673 366281837
19582551 18994300
367237040 366523816
369289293 368087641
19877072 19080194
27177698 26577437
26531262 22346110
367717344 366569205
365697359 364505773
362216767 361119106
366608005 365839058
20256891 19675159
20156011 19594800
19605842 19026685
19923478 19271109
361562960 360878081
366855863 366047128
19440359 18834325
396369437 395578641
20129645 19417568
30798824 29229257
21173612 20400140
364471822 362352691
365380760 364292745
20267569 19546371
370167487 369300335
32551526 31704440
20906732 19305708
367448073 365593985
19587446 18901168
366856553 365773200
393788239 393090631
19614833 18835260
364199768 363074295
393927341 393152320
368563597 367501243
20260375 19532527
19844369 19027859
366778034 365575780
366314383 365584881
368393581 367682581
367427779 366548578
19872741 19220896
20382476 19772295
20198096 19634278
364979740 364187944
367686220 366987778
372127917 371006865
21094418 20347184
369816736 368520089
377920951 373553868
373137649 372384481
375299841 374580987
368214594 366941052
19806847 19102455
370414558 369356137
369093157 368316441
371168745 370494298
22266401 21353946
20809914 19774454
365066824 364023294
19277809 18525961
383333713 382485792
375137007 374418808
377064929 375906932
371695492 370418527
20389079 19581399
23043395 22482750
35771795 33764306
398433951 397667782
368333301 367516556
372125952 369884641
367926631 366778546
367675128 366747678
22906892 22327722
20133535 19322924
369044488 367939614
19392954 18852916
367577438 366636007
370569475 369817932
370388997 369577638
364768294 363679613
369809036 368653222
365843991 365098937
20136027 19593841
368988324 368234631
19470951 18766024
362713142 361940328
19826440 19312855
20772417 20002696
367834829 366750966
19718122 19154369
376890064 375459583
34492353 33928605
371646478 370589374
369734405 368608585
20236836 19717519
370370238 369610638
20699289 20139279
367201230 366432759
20117523 19518171
371828162 370990250
365409587 364286265
367878113 366387593
383249203 382195599
21309339 20778186
370707260 369932471
367663947 365515637
368289012 367161582
364191633 363121423
374572573 367264768
366430193 365310306
23963423 20345057
375516911 374739801
371850932 371026135
369609465 368032223
20357955 18704026
25047572 24481992
370295232 368185608
20424027 19923709
367167508 366424239
27299635 26745992
367758613 366691950
366784962 365964313
372855111 371146270
366618723 365502705
373687735 372658824
367601297 366904630
370155649 369458779
368115834 367324586
371742132 370860206
20497711 19659999
19900063 19003298
19557127 18964001
19952363 19333524
363776295 363070216
366410568 365529534
19963116 19421122
20735937 20035225
19880059 19339190
20316393 19683663
20016649 19442164
19693498 19102538
383845606 383057489
20320098 19280496
368989932 367453121
365711576 363946381
19249509 18724323
363210456 362485004
19292223 18640346
19406730 18823535
362160957 361514421
363694507 362907830
367943407 367255293
366542518 365842893
19300758 18823531
21049116 20477247
370827876 369940888
365614087 364829369
19849068 19352743
363462438 362817120
365903394 365201985
361158408 360481960
366829313 366165520
19375155 18830734
366179598 365473133
370542917 369810129
378473215 373424090
20130008 19016818
21941219 19425372
19992986 19436287
364148579 363480394
19849058 19283025
19692732 19215182
368854420 367916351
363447092 362744621
19379000 18856589
32522266 32019353
20106574 19406296
36117790 35566414
366645081 365775877
365944818 364877604
366244346 365585596
367600730 366818410
19900926 19352859
19897023 19356693
19999539 19501902
366263615 365537245
24550240 23990873
368641878 367402627
29576161 27632780
382376695 380228656
22446191 21830928
368413057 366505518
367055658 365996738
365317922 364597816
19129604 18478654
19641232 19129728
370234697 369384368
363565774 362825038
364168672 363477440
20177230 19653656
375013253 374138347
368315354 367493330
367918823 366372210
372457171 371617517
369154843 368125671
369505012 368497830
19776129 19236637
22311078 21778429
364278009 363580223
371671902 370988625
363259892 362497338
360722876 360033790
361199926 360151065
363033510 361569757
19217038 18635732
363548497 362793443
366549879 365831843
365918827 365160849
372882570 372176911
371348857 370246143
370788452 369393653
366179292 365476289
19218165 18712216
19815382 19273159
371168209 370445204
366597408 365908689
367124212 366404494
21754214 21233243
366432844 365675330
20154820 19581468
19189750 18649448
373603189 372326164
363893697 363013969
19212644 18703567
370441057 367843721
19568705 18696896
19699809 19192374
369098646 368323720
19469199 18920534
19564437 18989761
393259292 392212063
369840380 368793966
367755379 366659400
19900213 19372847
19088512 18523315
368993303 368277227
367996683 367320122
20084789 19587597
20021296 19542289
20640263 19674679
367705898 366985906
382055787 377645268
20226809 19704503
20315768 19228955
368576716 367902229
367685494 366869049
367979676 367250234
373891574 371124392
20135857 19478472
21339706 20725582
20097763 19405224
23008766 22226580
20220892 19500967
367840825 366739673
19855971 19268864
23641551 23123821
367684023 366578062
34767428 33132505
368148838 366992138
366840367 366156387
368022600 366961945
20151693 19400216
19588681 19084673
370225933 369492551
370249212 369098232
20003863 19357979
365105035 364407535
372828649 372001712
365577154 364894353
368442739 367727677
365621576 364887712
19477917 18877512
367915861 367127510
363604936 362805874
364147120 363468619
375754773 375050453
19366379 18594650
366081715 365284101
416183757 415380714
368991116 367744108
20111138 19582408
363785308 363065827
363006189 362023490
362292662 361640211
20046247 19514911
360826311 360186717
383216718 382545279
367281124 366251083
408414673 407721903
19397519 18643632
366365610 365055778
369803172 369116357
367866656 367170546
366007141 365323724
20766211 20201650
367063002 366389960
19030609 18519209
368298703 367266228
368118889 367022244
19654944 19187385
364144371 363116138
367883931 367207881
372031468 368850601
369555891 368865284
368852275 368203528
369519558 368799880
33970068 33365650
363649028 362276415
368651929 367668667
365006425 363994257
362624290 361977403
360101828 359467994
365749710 365112319
19954495 19479055
35902428 35316675
20682594 20134911
369617626 368584775
19492852 18998305
368325606 367326783
20184921 19692304
368350973 367616623
19416314 18894139
24289409 23786302
368733439 367706087
367533457 366836924
367312157 366674045
19717028 19170121
368431352 367740459
369791854 368844451
19759009 19212719
21337874 20650970
373518502 372565241
368413978 367594753
19842472 19288077
37395134 36848767
364467157 363447663
367022670 365708459
368669954 367037940
367797543 366635658
19666812 19174651
370314559 368215611
20490283 19993631
371847303 371167111
19729262 19093597
367614342 366904844
378748303 376868246
366272131 365556635
369052389 368369641
364025478 363358491
366119528 365433390
363061305 362406520
19778651 19254964
367381676 366719972
19619748 19137325
375247518 374571333
365207437 364195846
368973437 367447076
371587760 370514573
375634898 374951676
20505960 19661064
367580640 366484972
366735943 365895371
370496279 369739843
370434977 369786304
20659615 20100877
367525603 366890297
20401379 19883676
19868090 19344115
363160460 362559865
363425898 362792647
366506244 365654382
19985489 19484758
20657210 20069190
369544998 368921188
19202378 18673373
367570613 366959889
19799142 19299345
19551521 18575399
369693481 369054384
365947067 365295725
362578803 361854376
365568107 364961819
19605993 19158252
20260633 19823286
20456323 19980323
369920689 369292458
370885901 370260611
20094976 19592670
20355672 19336760
364339762 363700477
18904618 18441310
361129246 360546782
369542128 368849088
367737834 365573942
20208184 19548009
19027626 18552229
366319601 365635025
361848360 361180278
361234118 360605519
370957083 370316143
367913879 367326802
363627481 362813281
364888932 364263695
364742585 364070401
369827284 369215797
19683279 19222363
367799456 367170384
374947345 374188436
366483709 365409487
19138863 18702910
362397336 361820225
19627013 19144099
363919927 363314139
20149833 19657856
23416026 22940474
20333198 19650441
20377540 19800072
19937737 19395155
19673952 19181686
19201610 18714150
365681003 365039836
361120461 360533632
19194194 18678397
20378481 19826067
363929487 363280113
365448040 364822589
364636120 364020101
363635165 363059043
365720433 365114981
19806281 19370608
367203013 366170585
20472335 19969241
365954255 365342000
365569552 364985257
19448319 19002557
366375263 364230291
606489017 605769292
366659000 365698057
25537530 25092415
373062169 372086493
19635845 19210097
367605883 366955745
19711603 19110866
369330653 368450057
20466939 19965169
368392316 367787941
22915999 22378176
480106242 479507459
19696984 18975676
20967418 20049445
36604612 36069631
19586130 18951083
367463995 366802020
19571971 19096374
20126899 19508668
19822263 19163460
19390431 18917675
367916507 367305238
20134059 19681929
19906943 19254959
20001132 19491656
366504949 365568583
372832579 371925799
19114441 18629515
20058029 19583239
367892592 367277036
19351562 18899951
28953856 28449886
366895154 365969928
19166013 18738371
20780004 20303768
20145246 19701277
368106282 367519989
368354398 367702149
19268867 18835582
367653101 367050081
363791101 363161710
363636698 363007768
360499294 359916382
368335554 367617997
361299808 360703246
363275696 362692925
20050546 19533972
19046752 18602319
367550650 366898785
366745668 366128944
376969151 376315536
20283498 19601217
366574893 365633659
367272682 366674161
20166292 19648472
366655323 366093167
19049061 18624645
372202513 371569676
19549906 19091551
368763438 368159720
365475419 364861878
371179294 370584450
365384711 364519540
366159258 365567722
19865864 19390259
19655107 19213450
368073188 366965046
361312107 360752648
363250868 362661932
19827828 19367571
369621641 368985457
370301073 369636269
20673941 20196635
373703258 372557644
22579504 22129992
365654231 365034493
370410267 369793307
367332692 366686050
365731860 365083376
366266089 365669369
19939167 19403976
366042767 365421171
23065640 22625807
367602124 366654420
19289629 18805436
20018688 19570697
20322653 19849448
370660040 370013011
19551325 19020143
20559137 20092712
369836073 369187703
366328282 365717783
368413145 367801631
20489599 20027873
19681225 19264803
368704956 368105409
367079488 366505006
368023569 367368460
19534942 19119973
19510986 19072189
20063438 19589041
19596972 19110297
19384256 18925939
370079933 369454265
367319543 366702788
368882923 368278526
369884078 369304785
373725897 373120383
369175698 368589191
367182838 366585487
367315816 366668668
366436725 365848465
366255380 365693172
363780420 363174215
19966210 19516498
20202662 19735477
20798275 19845093
369910871 369300158
368156597 367547574
19729088 19284903
371373282 370780178
367687632 367070864
378292018 377729547
370614144 369710275
370801349 370205681
369564578 368930534
371597900 370999805
19999297 19283432
19002880 18550329
366483190 365866427
368138885 367473050
20241197 19689775
366503629 365844173
364041492 363438933
364364388 363751482
367275288 366680171
364466517 363880500
378584579 377982050
19926935 19220005
364133212 363550027
365426230 364812402
367166293 366563090
365027615 364454056
366380899 365753916
366659076 366039589
19505907 18994967
19780082 19279441
20400596 19862574
369060467 368468838
19285064 18784868
394517979 393936283
364818607 363891521
363135326 362546541
366273289 365656157
19625204 19184525
363360892 362256618
19224167 18722727
364823100 364194252
19171193 18722507
365097982 364533726
364272168 363597086
19483256 19000384
19811042 19325402
20145188 19632686
27030448 26484077
370402413 366127604
20162329 19627393
19880536 19383730
19456793 19022809
363574237 362990441
19547440 19125247
369814947 368895044
20563746 20056205
19792892 18518877
373546633 372967943
363021957 362124372
366739972 365789633
365994990 365030860
24418100 23972320
374023388 371645874
21076814 20637314
367034405 366086853
363621581 363031863
40120820 39476774
20483562 19877129
364399059 363816785
365195562 363843387
369321544 368728674
18898179 18480796
368465662 367330918
362847332 362289692
362846643 362273517
367962976 367358740
19398467 18966721
19827854 19402517
367169306 366521318
369096596 368528832
19833670 19291520
19628693 19112440
366205133 365574302
363377457 362777273
371479120 370872312
19410111 18775130
376346029 375575800
19529678 19066228
370354124 369757928
20091032 19610754
20677464 20209061
20459439 19225150
20335624 19853888
369910266 369252242
362966897 362353347
362917483 362352152
364301067 363728095
367915612 367327193
364950900 364387919
367923483 367301298
366883531 366285683
368363044 367803474
369809731 369194533
365166744 364560960
19863446 19389329
377751778 373613717
20676010 19812819
20054693 19410696
19482765 19038750
366588704 365969769
19920920 19487282
24326153 23843767
364048546 363097822
365519846 364885789
362377090 361836626
373532634 372878682
20192865 19581541
377140797 376552102
366324358 365347768
20195432 19747416
20126839 19230235
362367444 361806440
19714360 19169891
20263217 19696448
365572381 364960147
19353805 18929598
367942290 367359910
19240791 18786017
372365317 371725169
371311888 370613565
20122068 19693599
366670400 365522692
362099602 361528368
368309566 366880480
369341534 368735097
370994584 367809347
369440082 368447633
19524638 19104341
19369222 18923289
20327011 19906265
19662343 18729966
20119587 19681692
19804790 19391197
20280250 19848167
20039165 19564282
19329330 18706379
20136726 19718034
20107012 19637006
20091367 19664750
372795105 372026598
19464055 18964556
19699285 19212884
363838030 363282364
363743612 363069589
368889613 368275276
28789663 28279192
376673151 376002332
369169439 368264653
20556791 20133069
365760698 363622997
364862818 364294517
366107927 365491116
19774559 19297521
365945142 365364997
367464318 366897130
368812673 367983524
366230551 365666805
19392403 18907432
369884976 369226381
370823153 370010211
363282557 362662668
367010770 366444720
365501235 364889120
361269356 360710000
366214633 365650127
362642310 361394081
361243382 360652177
362715974 362156196
19800965 19310593
19730681 19285308
363715121 363130059
19787339 19358554
366519146 365934728
360893630 360330382
358733414 358183718
361113305 360539897
19475203 19066706
365417015 364324441
362176770 361599001
21815085 21341570
19868791 19198578
20699033 19223524
20612960 20167003
379315792 378741180
20264152 19388079
366480797 365899272
19571204 19134428
367083146 366050800
367960697 367375425
365025286 364402476
375142503 374543011
365475340 364505960
20246928 19745607
372834173 371893047
20024448 19505991
20159636 19497671
366146520 365219168
369189357 368581241
19476903 19023600
19700036 19280946
369653030 369070804
18856037 18427138
19808432 19230516
19508673 19032512
367320527 366731817
365258303 364653277
19199312 18783025
371511936 370825934
361274384 360656875
368190169 367595207
19160374 18631460
19533665 19075308
363849876 363253468
19300914 18874298
19873758 18944314
19362544 18936651
19966899 19526957
19378134 18956321
366235725 365636583
364993584 364393506
363903413 363265118
19093926 18714234
370344332 369712992
19392177 18844243
25181985 24615102
367709655 366733482
367739241 367064369
19753688 19243402
19577493 19149917
363291513 362209340
361481428 360902948
364139211 363583872
370650374 370022940
20169079 19591253
372374462 371814407
368739377 367786006
366024654 365173359
366509396 365608184
19172110 18658723
19557508 19035715
365320734 364752499
362075513 361043965
367167540 366586098
19503877 19022130
19981901 19562703
19527524 19047862
19584946 19163040
376943234 376391816
367170771 366575879
369097067 368507984
20305504 19839133
22395706 21904359
372031705 371445786
368444432 367867527
19463621 18732186
366063743 365467505
19466559 19060608
367787542 367218505
365834074 365265754
19856516 19426541
20301983 19888502
375067852 374334127
20077024 19642435
19604446 19164935
376435619 375790370
369794026 368977963
366787542 366174334
369008133 368350636
19486103 19053710
367979766 367387012
20202656 19645958
19612120 19069753
19905417 19435612
366502220 365891169
368831595 368218242
370160656 369254650
19590503 19139774
19399710 18979373
19517767 19011552
20672119 20230569
368282406 367603968
368201659 367611232
365551223 364999754
367866376 367247666
19829583 19355430
369232149 368613489
19616167 18940599
19946958 19486562
368632331 367941074
365732239 365141166
367405312 366789376
366726349 366135344
366281393 365718876
20019748 19588412
365337598 364318673
366082314 365473797
20116847 19643766
373873750 373262526
371319788 370699675
20383784 19920219
371564818 370935196
18944413 18521404
361256580 360700171
20260923 19332296
19600193 19147283
371894078 371311679
366788430 366175415
364907357 364342560
367694469 367078502
369423452 368832035
369550876 368977478
373066376 372472849
372254881 371671849
368078409 367281741
365020487 364431019
20509036 20046928
368160411 367593772
20061873 19345146
364039303 362975992
368697006 367961473
364508216 363907959
19387571 18886500
363387491 362790919
370595871 365751180
19474258 18712255
367474679 366809602
362462496 361863076
359455359 358892398
361713596 361149938
368896114 368276338
370767626 370163147
20680219 20243902
367252982 366675755
369495435 368954990
19114399 18660462
19556811 19023522
361337096 360720594
19640611 19228491
365806837 364371423
19935793 19506375
19868004 19437087
20303670 19335735
372880132 372274643
19384811 18901358
19499627 19050527
366137926 365540449
369210004 368586981
367741106 367168915
20853040 20362857
363928792 363336052
362937211 362362043
366314609 365727077
19485556 19050959
20000854 19581744
368298050 367715155
20232859 19782216
365879442 365267319
365920653 365324400
363707339 363114847
19154662 18648600
19513177 19033012
372998183 368592700
373908925 373221953
22466523 22026269
367789449 366849090
366278187 365698358
366064210 365484683
369626513 369011386
365751636 365138676
19888241 19410969
370654395 369949535
19318673 18211138
19737774 19300869
369949541 369374940
19360141 18930941
362472152 361825238
366706321 366114941
367015907 365928225
19589876 19148039
364668883 364083824
366356285 365739429
366188458 365622892
369522773 368949926
367347523 366036137
19551331 19091588
20370565 19475772
20122786 19643227
366731096 366109024
365509708 364913924
365502938 364926982
19063271 18597073
19921685 19411683
369582661 368975999
19956955 19487923
26220422 25783060
367747686 367158064
366656024 365548825
367552663 366955553
366661328 366071960
19757563 19299700
369275296 368668917
19659642 19212580
19816312 19394593
20751140 20284448
19476749 19051490
19841170 19404646
19540781 19081082
20085162 19610471
366255451 365662420
368373200 367770184
367690234 367104712
366116666 365551718
366118728 365521701
19702932 19275466
19949971 19527230
19693569 19264503
366708782 366091472
362351867 361794016
364393582 363811203
368520028 367966532
19813129 19160549
19208505 18682272
20104462 19668314
375037974 374422326
371874576 371286902
20054842 19636063
375176075 374481198
368343632 367728165
362233344 361655694
365780496 365207949
365163772 364560337
19311250 18797179
363928752 363333828
368585217 367971823
19177462 18704465
19888291 19402814
369933189 369345560
392869538 392246327
19273402 18534134
19579184 19110824
366832645 365742754
362455519 361533144
368855073 368227249
364478587 363880678
20032643 19580681
367205233 366581934
20057723 19586903
20085542 19613822
18922996 18470180
367893288 367314729
370516621 369881850
19320678 18780996
364726071 364112252
364233582 363643441
369950762 369106118
370223379 369638318
19680153 19235951
368879906 368293074
368691031 368075595
370511125 369940957
368185245 367606445
369205249 368568860
19933738 19511189
364404931 363827788
19700002 19257579
361613618 361047548
360811817 360233005
364272121 363691862
361054345 360481823
362664241 362093884
361053300 360431552
362700951 362118569
368282152 367628859
367166791 366579712
365373546 364772087
19493802 19063685
361679401 361110538
362079347 361491007
365945213 365368745
19315218 18870712
19365305 18825687
20327091 19841906
374403530 373726914
372302020 371402785
19806482 19345076
367120097 366529824
365118388 364210202
371989065 371358162
368036566 367100950
365131437 364549752
19960208 19515700
362045522 361440907
19895925 19440435
19543484 19101511
19684251 19241689
361248845 360641890
19469654 18994647
18878814 18273269
361957574 361028361
363013387 362403206
367528242 366651945
19580839 18643593
371189381 369954751
367909598 367084949
371846336 370885808
19773103 19261747
19482632 19038970
363606002 363010040
361804799 361242247
363956080 363351096
364120627 363523829
20228158 19793710
369272273 368703692
363911917 363282581
19800016 19333256
19272895 18826781
363406670 362828055
19506774 19087516
365612567 365008119
19860980 19423924
19792353 19341595
365832131 365244985
20178244 19706534
373649143 373067559
370699912 370121719
402806972 402257928
20062357 19344275
362730111 362122850
18734150 18318833
363126486 362500090
362908866 362342839
20082381 19642752
28289565 27753729
366153287 365261713
361697756 361101013
18701393 18262941
19691512 19143642
20183685 19694509
361263337 360697644
363991965 363421385
363649060 363094803
19283960 18823294
371727301 370560102
20336230 19846276
19516643 19074102
364819405 363655013
366588894 366028411
362843023 362258465
365137220 364516092
19670319 19213725
18549166 18068621
20349002 19864220
364142650 363546420
367103983 366491082
363807041 363185131
364073508 363488335
366503630 365801102
19124782 18672220
19597920 19079698
20170390 19698802
20436046 19473186
20323249 19256650
368312995 367622860
19499937 19021761
30181486 26936823
19364570 18686118
19934312 19442578
365722670 365123145
19506544 19085918
20205682 19301215
20627815 20160565
367483037 366887278
19649838 19180319
363443638 362405454
364305230 363210677
33320961 32800066
363701356 362805006
19729075 19297596
18899168 18498063
20313081 19818127
19443814 18990255
19988540 19530208
368507687 367937650
365841707 365217275
362916602 362255774
363542054 362854238
19545114 19122147
366442342 365867078
364364747 363787746
366528532 365898926
366789589 366186358
362067783 361484221
366615591 366029434
19454496 19006332
365299062 364226460
369115690 368549901
19698516 19264016
365363264 364313430
363347421 362771398
19329451 18395361
20034320 19591730
21174068 20453749
369228979 368645238
22020291 18676938
365690764 365077719
19169889 18703384
371251077 370113813
19031351 18618620
19553871 19138812
366949309 366362013
19980943 19497065
365947579 365333767
368322826 367710928
19621400 19180959
369572018 368965819
366568119 365962651
19172239 18679591
364645308 364025812
20149640 19721961
364600832 364040993
364451692 363835757
19506505 19053504
364541440 363920266
19811128 19369335
363605562 362970151
19018181 18593417
362635083 361983139
369195444 368596147
19829821 19360177
19757382 19305439
19780354 19300302
367909791 366834956
19944753 18708642
367189412 366494911
364218313 363638760
19326366 18891033
366492242 365922439
363051396 362488686
19207615 18674213
367104032 366517865
363746842 363171878
20854934 20318521
366096270 365501319
19767801 19281123
365989733 365374921
365047132 364490115
19428355 18938567
20113494 19584565
362009757 361398433
20291769 19596997
19053130 18604241
363245583 362626514
19609827 19167725
365894030 364480461
363886909 363284985
365476182 364099646
370809735 370036926
369515264 368915970
19434102 18899252
19995107 19505444
19666529 19149396
368412112 367787800
365966208 365359641
368614844 367995049
19211964 18757092
20146822 19719622
375976621 375264215
18823640 18430563
367272864 366704729
369288776 368668751
19377951 18817345
363545679 362956444
372569123 371871425
19672971 19203579
20114730 19223144
365627043 365050938
363166887 362602606
19225397 18574777
361825770 361261997
19335194 18900653
362887108 362298295
19134770 18564688
19700611 19223502
19740065 19295465
365040766 364496834
365692262 365078564
19949699 19444078
364662600 363604881
366317486 365700247
368172048 367615437
369134960 368549909
19369162 18925269
19539144 19088109
445884630 444773550
20458499 19798757
367684244 367081761
20511698 20064202
19792533 19375492
19976967 19506125
19921013 19441371
369782844 369164734
20035082 19590200
366609107 365999138
368434533 367848720
19386600 18693313
367845322 367209607
362729038 362104007
19544588 19104838
362014282 361396174
19251374 18650365
369482987 368905662
20172320 19703727
365882768 365253828
20222615 19760730
19534852 18638198
364292788 363667042
19704724 19295305
22068828 18724619
371008085 370013272
19662069 19196317
368828400 368257703
364263348 363132965
19107612 18416084
369665866 369080424
369276511 368651603
367267296 366609321
19539499 19060069
19487554 19035353
366661170 366045983
365209442 364646198
19922497 19496047
20175338 19751535
19284743 18843858
19765088 19312379
364567246 364001125
18926785 18500653
366008292 365420343
19650640 19133589
366185041 365589201
19656193 19184499
367812907 367259466
369108761 368531093
368174574 367589194
19414456 18947775
19760918 19297031
364890544 364310871
369771540 368953681
19510574 19047910
19580755 19140027
19577292 19144387
369587898 368492621
366956977 366345884
364758279 364199137
365915621 365331223
372245823 371638600
367370488 366789172
19744093 19306461
366217271 365600763
367223143 366650623
363012708 362441885
19743395 19191167
19943264 19485169
20013315 19529634
20077934 19659009
371751366 371206599
19403087 18705918
371251310 367787042
365701782 364750542
370545633 369952678
370915578 370321452
376483981 375804717
367562132 366997597
369029612 368464515
367192363 366615686
20312288 19866110
20063237 19595458
370949967 370297983
370818058 370197908
362640751 362087942
372077304 371394459
363945186 363360234
19671481 19165719
364154158 363076689
20489942 19182870
364836783 364269547
365534408 364438906
19389399 18927169
20247919 19685356
28898138 28353407
20471895 19702734
362360700 360685170
382722332 381977580
20488039 19771765
364653334 364081794
20074998 19475489
19540215 19026065
19241199 18763274
362112057 361539222
19282337 18768883
19924368 18971479
20466618 19928359
19602140 19071692
19635669 19086455
20221049 19692592
361896083 361326784
362730151 362119854
19644064 19170300
20798764 20274831
364652569 363529848
19515993 19072361
371827431 371124053
363392584 362817322
30790701 30198437
363751702 361542640
19414848 18952968
20155324 19683775
19118046 18674789
19362193 17981970
369677003 369094832
20102029 19676010
19970425 19527884
366559889 365944239
366723909 366127497
366258424 365668297
19577885 19100534
369622955 369051132
363265871 362689600
363595888 363005744
363593374 363025089
364603709 364028337
361936650 361171313
363426749 362833398
19664880 19017620
19983456 19515030
19935552 19489754
19973802 19481391
366981357 366350483
19501470 19017489
19636105 19200171
366953651 366385504
369184859 368596682
20564597 20131228
19454723 19026157
20175666 19656854
20362737 19908416
19966650 19528600
19332794 18891112
367409043 366784767
369354801 368772204
369070129 368485671
368421705 367858705
365048182 364457762
362346137 361738128
362379939 361813337
364066127 363474501
396535000 395956959
363849277 362998545
368739397 368133665
19211448 18745428
34751965 34256431
19892750 19287724
370518894 369914750
18876554 18408611
370002694 369403655
371041498 370423921
365747079 365179414
19306321 18859603
19888754 19480072
20557541 20102553
20039980 19139739
366079665 365508028
19861004 19418719
20593618 20147842
366388511 365780963
367516801 366888915
19280964 18818488
374977198 374345620
20529375 20068573
368714615 368094369
20374474 19918679
365998514 364668777
365180482 364573672
372553833 371928343
366215806 365616905
370193705 369575837
19955323 19482960
39532305 38998397
19764544 19125774
367740829 367153972
19099115 18663812
19271158 18824221
18613256 18186467
362447975 361845494
18794535 18331322
362735969 362172571
21010766 19427598
20095537 19467755
375651297 375052164
20234162 19614286
368094164 367489745
366172124 365585031
20234293 19803999
19683919 19269172
371135900 370566917
19743428 19308198
368534469 367926966
19488880 18990415
19241302 18334740
19625854 19117130
363854098 363255771
362482098 361924742
19867980 19362181
20544220 20049775
368409394 367770521
19770002 19284152
19989674 18786840
19567080 19122428
360823389 360255552
361998841 360942772
360748312 360172866
362387165 361815361
363056434 362499130
365762454 365219833
18911838 18488785
19986928 19511453
364393462 363850982
370601723 369860990
19886813 19443908
370344826 369733022
19887786 19360126
374383885 373813437
19973818 19443434
19441798 18936828
369806358 369199334
365078986 364490280
368025377 367456336
366702746 366077418
371097045 370499768
370490809 369797959
19202665 18789017
369277977 368712567
19169524 18714676
19846429 19363530
372247850 371588211
417557767 416939090
365517984 364947327
20189749 19387703
364130698 363546074
367389644 366797093
20297173 19509745
362741685 362169299
361714683 361157306
18901260 17989223
19048964 18624398
20150761 19700025
23475164 22997814
20159253 19730352
365857636 364972292
19307887 18870357
363576050 361344743
367982387 367262009
19825670 19329091
362034888 361446310
19642314 19189385
19959698 19507987
19650316 19218803
20156057 19659892
20736617 20234082
368069174 367417284
20086013 18851380
367956152 367311351
28007663 27575942
369606373 368699210
364286074 363706870
18770621 18276606
365731198 365130456
364759162 364197278
19261868 18784038
20108658 19634745
20110008 19644581
364833683 364265262
19852313 19365302
19843781 19362890
19076916 18620489
19482345 19044057
21382882 20889423
19498689 18989635
20811471 19870805
362723756 361643960
362257691 361678947
19979113 19552404
19655745 19219545
360449478 359815184
365507735 364899022
364932584 364320568
368247413 367672987
369637217 368992134
367418684 366799222
372046510 370851991
368206134 367579979
368576823 367993998
376248201 375612589
19829195 19379602
365472955 364872709
19926547 19495275
363823628 363252261
364923253 364326680
369224473 368608584
367187646 366571668
20397114 19984263
370080228 367076121
19656722 19217297
362539021 361968921
19487850 19069244
20041876 19592935
367471852 366873983
370065957 368976315
372029605 371488396
368988618 367906934
367610795 366956516
367422105 366871214
372492213 371881481
369255887 368647010
19918863 19390616
366870793 366158745
363189118 362624845
362935833 362326824
19652363 19137356
363693959 362602936
19902170 19469105
367033102 366440753
367374555 366773951
373112555 372543533
20545429 20078647
367982709 367406628
366018832 365434605
19042442 18623339
365877491 365339668
19553253 19098548
369499062 368925367
19479940 19046603
368775685 368150447
20330621 19923107
367974283 367374068
19671998 18802910
20217637 19824853
368847020 368228519
365528049 364947249
371335386 369928915
19731604 19288793
19964889 19524657
19635340 18998205
362988844 362054809
19099648 18664343
365852345 365272594
19752264 19308525
19440172 18995505
19432269 18997010
365830593 365246394
368477763 367911325
367605034 367029847
368031445 367485481
19501382 18950892
364785758 363676472
20333477 19906177
366295774 365712089
368372559 367814515
369007777 367629192
369411746 368776969
368169644 367601202
365044566 364440326
368976059 368366505
366692714 366137293
368506206 367858825
366743147 366192599
20383094 19108870
369733184 369144831
20323934 19829958
366917133 366293825
376544334 375918106
20136504 19631107
19554026 19119942
364734383 364171735
20043023 19599027
363869552 363259470
361110141 360034062
365284458 363955173
19836704 19412566
19836322 19358847
363965511 363383861
366464853 365845795
371653147 370952820
369923415 369294190
20449988 19486984
19527356 19062389
366988383 366424097
373458214 372865387
363502312 362950513
368318543 367626971
364762824 364220050
20773857 20314861
361528527 360978829
18772710 18311649
362622224 362061172
18782824 18357600
19963723 19490546
362752372 362180373
362146553 361578695
363262087 362673783
20150725 19084314
19594658 19113204
363900964 363294603
368484885 367920543
19874035 19383575
361754332 361189146
19623465 18461231
19939362 19469141
20234761 19764920
20317628 19179938
19623295 18595836
19595166 19151094
20200581 19750548
19499439 19056718
20071160 19624411
367748501 367150411
20008987 19586899
19918025 19453565
362391963 361268003
18990740 18534959
366700349 366047209
364134755 363560400
363980875 363352603
20436448 19535187
363712531 363115863
361174784 360627168
19274559 18843420
364132862 363554080
367174803 366621191
19697265 19189177
365164402 364615308
361916988 361355916
19706864 19250077
363885540 363291196
19089787 18618684
19852615 19413109
364136678 363535669
365994299 365425313
362863290 362315370
364543080 363972700
368557483 367916330
367322083 366683271
18817041 18397256
363835411 363249501
19524283 18970672
19828926 19400531
19852684 19363325
366500219 365914461
19661331 19235702
365724492 365181395
20369681 19934595
19792061 19319972
19934080 19487844
20042058 19643533
370425800 369877687
367196482 366607500
19270021 18871015
369931383 369245304
20662370 20231698
19364004 18939912
363964039 363367064
362820587 362238212
20369806 19962656
364191903 363643585
20047783 19638983
19065166 18154718
367656322 364404059
19586024 19144434
368758398 368196321
20197721 19737020
368376163 367809368
370695934 370124270
20213961 19764960
363252079 362675531
364785030 364231684
365753463 365084038
370814456 370196024
19312019 18118223
363890173 363312318
19904690 19406958
19636356 18677104
366520219 365924837
371554284 370919959
367013869 366454406
19459203 19025576
19781745 19284661
19992912 19517491
373281507 372668641
363711704 363156572
366374880 365762963
18859310 18412009
363474073 362421683
20441658 19135231
19711774 19234922
362182269 361346991
368616223 368033377
20210836 19763919
369193526 368572722
19346192 18853996
363424497 362889173
368499583 367913881
364105701 363522234
362853170 362243981
367303358 366730080
19756391 19306221
368347833 367206570
377011664 375837136
19400028 18926246
369480811 368879949
370526617 369962130
368097976 367511888
375564268 374844054
20156284 19685422
20422493 20006073
366743750 366119508
364216465 363633419
367061161 366459748
19165766 18750913
19287322 18820545
19531116 19048919
367405760 366786433
367876604 367301619
368018051 367415525
18967671 18533079
19692087 18705893
361940727 361379215
368687070 368130907
366935040 366389148
363052889 362481039
364993261 364342724
366282399 365701380
366455004 365417236
19917389 19378969
365298848 364729029
367529336 366948092
19771375 19335490
371431744 370703720
369510572 368891485
365344399 364727368
19153780 18613248
369211437 368640117
365828839 365251597
19576594 19095350
19751612 19315647
20110564 19646321
39509761 39044460
731119864 730553993
20859716 19159027
361542924 360982952
362000218 361422709
20376983 19144203
363708298 363139178
362895441 362109420
362144066 361615790
363110412 362559364
371107741 370557319
363530488 362633828
360424586 359865678
363837001 363250009
19619043 19175268
19739623 19342559
366131435 365476318
19996856 19508730
371066676 370428127
367340467 366747374
20351157 19132742
367627988 367031788
366047664 365496968
20247372 19747827
367724563 367157941
20287023 19851737
20192724 19744817
20441276 19940778
372767444 372195080
20450713 19990493
20452834 20005722
362009764 361400291
369828850 369253390
371681628 371101194
370765395 370147447
19181838 18714937
20779269 20324977
370365253 369820696
371047603 370459235
367547768 366977388
368476283 367859405
371145848 370597835
24819125 24334367
20527917 20035396
20059377 19624400
373388636 372670656
40655073 40146505
30406431 29962751
34733498 34299406
369365483 368347797
20028314 19491737
20394849 19898889
367238485 366614780
365291005 364678329
367898146 367241099
21144346 20654992
365740821 365073075
369949687 369347957
19820208 19325472
20034657 19513073
366093546 362282247
19823997 19167261
364790491 364135747
19659515 19060079
19764887 19278451
365259082 364544851
368747176 368070045
365928973 365253255
20039821 19564266
361454932 360866110
20296212 19742230
365885200 365240192
361439893 360824909
19557298 19061980
20232636 19770955
19337083 18844600
20178323 19691546
368331473 367722582
20913459 20404263
20210219 19675604
366602041 365940922
20408266 19910260
20021947 19544669
19945957 19464854
22341931 19490496
20606837 20125786
367544813 366958144
369388325 368728489
20707795 20212749
368457564 367380884
20444379 19434148
19650320 19159710
367054285 366414484
20109445 19081252
370096642 369453510
20553394 20077274
371156768 370494374
19076569 18591900
19281556 18812988
371136109 370469561
19400177 18803539
366996503 366394766
363570438 362973525
20164052 19638581
366954962 366320765
368508495 367882464
20548468 20072864
20093471 19501975
369629397 368998794
371159765 370533958
20226476 19730371
370366963 369752313
20306594 19840286
365216987 364642230
20136069 19641499
367579511 366953946
367815833 367223579
369374927 368718284
19389176 18938291
20412075 19815217
369144495 368488313
19795609 19324434
19855241 19312439
369212591 368581925
19181082 18716534
20705196 20228235
19986359 19491224
20427269 19945987
369694867 369060155
19921855 19407660
369865414 369265810
19496159 18941807
365251006 364597286
19848439 19288115
365160128 364538367
365464249 364822842
20863376 20318052
367889713 366721029
368548715 367928536
19690931 19231957
19691066 19192596
361355606 360687472
20629348 19730466
20042509 19530382
20056017 19495303
367382428 366729858
19303280 18784724
20259317 19717415
366999570 366379273
371304321 370604250
370217839 369572891
368191489 367580469
368028888 367407267
20337239 19832323
367470883 366846787
364868124 364240439
362857286 361715873
20027872 18668623
361206409 360615150
362001951 360886756
20351746 19763430
361501322 360875870
19463013 18481071
365448885 364848444
361132273 360529002
19086215 18398523
19289529 18797665
363553794 362937491
361732941 361111132
21731260 21128459
365713501 364601142
19257758 18731182
19376232 18908895
19644568 19138490
20591448 20106326
369344102 368692179
20786786 20269515
373676560 372944414
19420245 18896253
19370828 18212769
19828026 19309310
19754244 19255094
366231421 365578271
372659171 372015383
377092749 376249953
19198709 18532174
369560144 368877689
22983154 22506026
20908640 20377224
366444490 365792264
364948044 364296567
20354578 19126996
366383640 365810283
371038489 370351673
367539268 366890691
366630369 365999695
20015649 18720090
370513985 369887294
371730061 371097765
20116719 19649347
372661232 372033477
19930484 19472010
369533667 368846054
20152564 19658142
19702880 19206026
367183750 366593924
366513684 365927329
369031144 368362752
363710763 363061300
365067306 363685165
364051979 363431554
19373617 18900090
20163493 19212376
365578584 364975844
368631793 368014146
367085511 366476103
19431811 18966436
19424295 18931445
368867699 367667624
370124047 368721942
366835194 366203486
366389391 365757787
367308677 366622234
369400913 367982310
20467611 19958959
19703529 19193179
369853036 369176261
369930008 369305516
365591387 364982962
19538956 19092952
371093294 370479500
19509520 18910158
20176998 19693570
19938210 19387379
364288494 363689584
19314309 18829375
363428183 362780450
19327317 18862287
20074595 19531555
367406331 366282086
20527019 20039583
366825769 366225989
367488910 366867872
374498451 372994786
366570260 365471354
19583301 18998338
367679535 367052576
20147484 19649160
20123167 18823412
361877132 361281458
364590622 363932759
20074423 19481891
373418795 372802566
368557328 367923205
365055461 364470888
20042517 19537568
364066726 363423994
19090797 18605894
19387774 18853312
20269443 19796688
366730173 366111293
369393920 366741584
365055199 364420587
362092927 361450778
361640036 360820170
20121349 18776332
367896254 367242478
365356022 364759837
363465301 362852264
19140052 18644296
373489732 371883302
368856520 368228773
367913325 367090836
20454246 19852472
20503897 19858595
364777811 364171634
20152309 19037427
19859300 19335307
19832266 19345249
361961690 361363961
372074668 371345679
19007232 18551685
372906492 372213223
363635679 362999404
19942927 19367909
19779836 19281655
363388323 362791336
20187164 19250591
365903568 365275465
363725560 363090282
368874277 368284671
20057673 19032046
370052213 369367427
20513364 19950164
371680379 370878322
364979850 364179783
361523334 360921004
19825830 19294879
371299391 370578577
371183485 370529086
367548872 366751275
368743469 368146445
20196150 19512122
362017281 361379917
19943752 19472580
363977603 362830504
20389834 19843828
366100443 364711008
364995609 364365878
363269341 362631120
365974867 365350459
362226537 361636822
364892754 364283814
20323334 18995689
19767566 19257086
364307083 363681874
19629696 19139222
364681879 363296194
364763996 364106833
19674055 19107357
19150461 18667093
366635704 365415453
19789293 19204113
19075925 18515371
366149045 365516418
365982778 364836372
363987808 363363553
20817311 20247967
363269720 362629405
361819213 361215117
365248865 364642072
22775937 21429589
363822598 363201567
363719195 363128667
19988616 19437857
20252232 19733923
365732757 365093440
363996453 363405902
19820246 19243107
363579383 362988337
19772552 19165297
366159236 365457123
19999210 19428827
364800498 364132813
367107020 366490747
20074828 19611817
19546247 19063701
363232137 362436907
363167905 362318779
20095225 19617981
362473245 361838257
361706934 361099556
367326426 366697180
20153073 19635778
19527044 18988689
19955977 19460490
19554197 19087656
20187070 19600615
361513381 360896773
364428511 363291071
364222535 363565844
20109843 19632360
366732257 366124890
366353136 365745445
366448656 365795297
20669600 20138780
19386013 18927487
367090525 366488710
368996394 368367885
366549747 365702246
19394470 18823303
19845508 19369955
367507057 366728250
368872115 368223596
368667465 368030682
19495435 19026008
19593858 19136543
362476928 361898387
361975477 361386746
19378451 18858893
362179556 361558606
361638900 361020218
20202472 19721714
19585072 19108345
369107107 368496650
370151971 368918661
19533739 19047872
367549939 366346789
363214678 362609645
19024291 18543859
24453478 19340081
367353833 366673543
369101867 367893488
19798694 19318793
20391872 19816295
20414320 19401609
20337000 19866424
369440555 368789397
368380445 367760426
375492328 374349746
20093280 19530833
367349028 366700731
372871353 372272223
19443477 18949768
367549534 366918175
19653251 19182612
19361162 18883017
366386730 365735764
364249996 363413728
367202840 366579240
19786689 19271396
19660070 19148237
367988570 367376142
20325394 19746001
369152682 368040455
368899931 368223356
365783463 365154697
20354137 19891292
372897821 372213610
369163749 368546985
368671736 368039867
367242907 366641729
369234893 368346250
365585831 364687557
19737258 19246437
370846578 370224355
366308369 365649507
368131555 367492656
20056802 19565667
366033705 365376167
371086769 370447820
21344452 19982842
20242172 19727347
366634543 365990309
378314364 377591046
19489977 18982023
19677718 18546441
366995163 366377165
20274148 19281641
368684555 367989005
367966585 367349765
368674157 368036846
364720902 364078270
368793676 368148752
20419355 19927816
367587299 366971934
372173853 371534209
19497411 18508355
373589843 372969523
369018859 368398174
370916970 369740885
20268669 19727090
19446940 18945051
19671367 19142252
20315005 19812253
370850284 370205745
20350479 19841751
370587788 369934308
371856542 370724013
368607744 367975977
20082926 19449289
365400501 364774630
367128313 366269083
364136574 363513084
365478436 364826135
361991996 361377833
367365353 366703115
19776092 19288662
366048418 365436235
362508774 361815443
368854232 367887573
362318038 361711498
362022933 360930115
362074680 361429263
19583350 19094964
365418948 364796213
21973685 21458701
21713386 21230869
369557223 368642883
20146027 18248611
365910677 364977514
371168374 370513082
362942474 362309873
362127301 361498776
365790129 364429595
20274491 19758301
367107506 366460931
363133940 362517909
362074915 361447155
20441034 19921291
367285188 366621595
367707541 367065615
367303688 365920862
20769013 19749367
369672575 369058204
368948851 368305761
368257256 367648663
31630575 31170294
371134602 370102988
19632894 18976271
364711306 364023637
364844141 364225681
369351860 368735591
365054428 364396097
19424176 18922635
20273466 19750495
368346632 367178821
368178492 367508542
368819636 368161798
366018804 365371827
364900774 363767076
373342852 372582407
18854414 18378441
369042917 368404067
367996873 367375410
20476608 19921192
19556569 19112471
365858204 365227080
366265352 365618027
368685927 367906531
371081820 370454696
371420549 370791319
19871214 18636689
20534034 20010202
371293258 370074085
20338178 19635455
20403659 19929931
370247755 369579635
26337533 25641707
20615624 19688027
370677937 370008574
367320153 365378722
364573946 363959139
19911286 19447336
20327947 19764127
362745238 362160018
365102839 364523815
19892380 18887869
371560772 370945923
375389703 374797166
370855897 370315163
368405396 367804465
369521851 368949879
20961245 20410962
376569699 375059204
367428510 365925562
19723014 19256121
370570294 369826614
384004425 383324913
19926854 19179454
19612468 19096816
20021611 19515396
365243443 364631181
20464407 19857885
363463151 362864309
373153673 372547429
369302797 368680971
373418450 372808871
21134148 20225511
365102696 364417197
23879659 23387141
20031419 19500772
368552374 366709929
366265069 365282064
370893009 370137971
368893977 368232365
370877136 370250568
19407656 18706447
19647427 19173039
19951467 19473871
19197364 18710391
22001458 21540864
372561500 371953049
372330898 371701141
369532507 368878526
20186733 19677035
368022806 367396546
