274466607 237855007
266848472 239625918
134375057 133475905
201642826 200901721
151332536 150675057
108372116 107750062
150267803 149222740
3672562898 3642538313
3672707829 3644260065
3676912687 3650047697
3457729522 3456991378
203838580 203068623
3148050085 3147286798
124061063 123384442
160012016 158736579
133154423 132606875
3206552858 3205529517
3212935781 3212279737
3266673736 3263359181
141525116 140975362
115273249 114700019
3364548612 3363031172
153450660 152770578
3363858899 3362970035
3386258196 3385582060
3399794717 3399172357
141571823 140982695
3370741547 3369945082
3401923087 3401178413
3367843206 3367116945
3388348323 3387632622
3481557303 3480864800
3475418955 3474651249
111050600 110403475
146074478 144777637
3491985686 3491391426
111665448 111201442
3484761187 3484126873
3394995792 3394272142
136423354 135847486
3424930380 3423865025
144227851 143723246
129076125 128381912
3390153557 3389412485
3388129410 3387708163
3339656228 3339052234
3386138404 3385470264
3440061033 3439437652
3442810632 3442246334
3506802777 3506270419
153658797 153178997
3416411732 3415795766
119431962 118867545
3418944403 3418349506
3463168344 3462544570
3522019475 3521248946
3498427757 3497868233
118655406 118214353
3425563507 3424699072
135273555 134573859
3470768560 3469609219
3385153067 3384421504
115990333 115426269
3395264351 3394641567
3428811033 3428235080
141069094 140635071
3399710307 3399024778
3420209651 3419591158
137688477 137122825
3440734385 3440107286
3469539583 3468893192
3480625920 3480088242
129039294 128555382
3478355775 3477608323
159452002 158947142
118648753 118076046
113393911 112740378
134026427 133429774
3388314165 3387664447
113967341 113434139
119646074 119252157
3417985707 3417108229
3385017187 3384397411
126799744 126247013
3366977777 3366399641
121103482 120455963
3451850666 3451181325
3425214016 3424606149
148514548 147965577
114398641 113908047
3421197356 3420476699
140209056 139692712
132288264 131669289
3374533208 3373962026
3343195803 3342628542
3379157744 3378655537
3410300266 3409730758
109981380 109529516
121684138 121259071
135946156 135515479
3345816404 3345257699
137239033 136781300
3362103320 3361596715
136778343 136436673
152860404 152423467
148081887 147751272
3238783504 3238286553
150671075 150234881
143308159 142914386
107582362 107053037
143104516 142679858
137382681 136907205
197529402 196979714
3241809790 3241052999
144476275 144014194
147285547 146744830
3339874346 3339390495
109503047 108986744
3454142024 3453679463
3456658994 3456126212
111866382 111260514
110639451 110031051
3391199127 3390524077
107709543 107199913
3397808321 3397117724
3384920459 3384382209
3492344794 3491701140
3408261994 3407626055
3396107496 3395409804
111712883 111208895
126782903 126303362
3264878973 3264333371
3259704173 3259100697
141248130 140726242
3304099583 3303399601
128764297 128229545
133462348 133029301
3246815179 3246218868
87734500 87238482
113147876 112456643
3289691529 3289204734
201799570 201293283
126202896 125577774
3294730785 3291148083
154225745 153804762
142666450 142013007
3341160693 3340602598
128735674 128145887
3401257783 3400753367
120388905 119896832
3294866120 3294371927
116786816 116033159
126461636 125843490
3261294536 3260684218
3238171714 3237594291
3398603159 3397752988
135853684 135423444
3393973627 3393457959
112190197 111416637
3323814291 3323269304
3289023627 3288504013
119262087 118779217
3282826888 3282188571
3405366612 3404606244
3404466322 3403916049
3256682162 3256151358
136256559 135693016
3260999184 3260542730
3263798096 3263016912
3328340839 3327833934
3288447005 3287927511
134727430 134239571
95048992 94542330
3381931459 3381366084
3418158487 3417717248
3421254307 3420818158
3399016639 3398448218
136806365 136126901
145338492 144789288
3430504542 3429916400
102359232 101948313
124773208 124388830
3386445286 3385948178
3381619193 3381050660
3369035056 3368378836
130358735 129967390
3462145762 3461518408
3439772915 3439324993
3461586312 3460893553
3496129053 3495456952
3496762299 3496162511
3640205509 3639659340
3648483472 3647664901
3582923255 3582407607
3590064488 3589476415
3583851732 3583370543
3447001601 3446408498
3451000110 3450088038
128131015 127665220
3439381378 3438930164
125119619 124708018
156643654 156189420
3362791595 3362213453
3290205175 3289669572
129003206 128514975
132132562 131656150
3291184720 3290681263
146626987 146140113
3434393284 3433936026
3445015933 3444570366
3452057333 3451614389
119801257 119375878
3454302126 3453720450
3440711633 3440100427
131168001 130686893
3421638463 3421180906
3407576996 3406998757
3357662623 3357245709
3268665370 3267918329
131143385 130794809
93952051 93521873
132937179 132535159
111065460 110522872
121535993 121155217
3132684521 3132119698
3357500018 3356990572
3379394229 3378876272
149368671 148899784
3423771147 3423343987
3416699578 3416172780
3380705915 3380136610
3465157344 3464273555
3429010606 3428480347
104407625 103973660
3448537812 3448038616
3431652969 3431071521
3390466324 3389932890
3433510387 3432888944
3412132911 3411735352
111800721 111359426
3454403404 3453833511
3434866450 3434326323
3419916432 3419139933
150861090 150325921
3440596156 3440079753
3425956837 3425388736
3416560453 3416179331
3375883188 3375297609
3345725038 3345003136
3352737147 3352189842
3391609234 3391109673
3428240913 3427093672
3396564823 3396023913
144157319 142546915
102528900 102017379
120515350 120058043
108673654 107808108
123711320 123225703
142058061 141554171
126451307 125102711
3407594565 3407039198
138870849 138397805
3396552591 3396008764
3447543865 3446657420
3579631321 3579141719
3455464796 3454944223
3455113998 3454366541
3462912165 3462238740
3453966145 3453451716
127105192 126598140
3415111841 3414321543
91811681 91280492
3442484605 3441963940
3415308499 3414764410
3484960588 3484181624
3457172453 3456647146
3443248724 3442536860
3437542154 3436792264
3431621973 3431144914
3426414566 3425886435
3446451567 3445914756
143550929 143113578
3484768480 3484261691
3510117371 3509501355
137249674 136778856
3464768453 3464238385
150091403 149694268
130394690 129958983
3429910676 3429401642
3381561150 3381061337
3334001235 3333502241
3354455155 3353889709
3409651922 3409222176
117122916 116718830
3388484179 3387996242
130900248 130112323
3368263896 3367666921
142504955 142083176
149903884 149442279
3369546726 3369095400
3408958828 3408361660
3384257111 3383722866
3384631641 3384108038
3440535058 3439981505
3426966595 3426437765
3451876190 3451094942
3439302568 3438908521
3457121343 3456650259
3466580994 3466081397
3444767098 3444293265
123133223 122689328
3348193375 3347631564
3333415446 3333032006
3333968961 3333400471
3392711941 3392167122
3410293739 3409611892
116016114 115629327
102718897 102109719
3415055693 3414532770
3413630295 3413263107
3442720460 3442227094
3435139421 3434661263
3486923112 3486403001
3453298337 3452842438
3465214111 3464806518
3469252735 3468732291
141360661 140904982
123882768 123428751
3424961979 3424452749
136636198 136186606
3399787631 3399316743
133687789 133185796
136471484 136052250
3279813598 3279263718
3284947985 3284472624
142396090 141851482
3210860653 3210237049
166266118 165911206
3341724849 3340704303
3390377894 3389919844
3531308525 3530799015
3525298527 3524779115
3515081958 3514588957
125738389 125151153
116282192 115822141
121980540 121526401
141186250 140684211
118144235 117564827
3354545422 3354016789
116268812 115879447
3404004030 3403470944
138523349 138021153
110716891 110206464
179521732 178790767
126749918 126290755
3274491550 3274054303
118877957 118386394
3237871662 3237401292
122425158 121715073
143651253 142985433
3120343794 3119759771
3170424489 3169884101
3327382816 3326793944
3374490720 3373810573
149356849 148644756
3406423895 3405904138
119074651 118069028
3395735529 3395105569
124913240 124428828
3400146297 3399641898
3416274295 3415763925
134975421 134368332
135058707 134533788
3393978280 3393291657
3351349836 3350838465
125977931 125464627
3379361964 3378761606
3416549474 3416016969
121342043 120879556
3298964854 3298484902
3297937207 3297472945
3233118910 3232555018
3231500996 3230971378
129728983 129366730
111209016 110854890
125792832 125410734
143326203 142879394
3278969829 3278449074
3359148735 3358615419
3320707199 3320247728
132069793 131505176
125197244 124861821
144973012 144536749
123935252 123602044
169578983 169163460
3362414923 3361901373
3385457915 3384925615
3365843257 3365381862
3497619748 3497063831
3449749656 3449251181
143523496 142931134
3391525896 3390733669
104776446 104244614
3349767398 3349262809
3315075071 3314474148
3093561587 3092963970
150993524 150520196
100428109 100044110
3373134319 3372683618
3397254685 3396835669
3370599644 3370189650
3376172690 3375641440
3360532158 3359916325
3422634252 3422181007
3457072742 3456557272
3437658900 3437289429
3432787898 3432290158
106901579 106426889
3369519991 3369003140
137699695 135870443
3377126829 3376651396
3395323215 3394813810
3380583216 3380227428
108017483 107625974
139602091 139106089
3405353949 3404708588
119434449 118874334
115135683 114713522
134060172 133613786
3447407291 3446842602
125692139 125183892
3432667213 3432187550
3464293510 3463850706
149523168 149080200
3529376180 3528871693
126846650 126382905
3550698638 3550175911
3427554704 3426950138
122781592 122331238
3421045030 3420534886
129969980 129552085
3389505452 3388944171
119533894 119104568
142278831 141730250
3397032561 3396344918
3371819577 3371271856
133326828 132916867
143320824 142874636
3309200196 3308665195
3291829627 3291434779
3364159141 3363345903
3348962708 3348439167
3510711263 3510195880
154479122 153959598
132021404 131572695
125851978 125413838
120786345 120195823
3405097282 3404678314
3427760087 3427311967
134764813 134345833
108459900 107793608
3402595165 3402125655
3379490971 3378858121
3362522858 3362028106
130530331 130074535
3377566828 3377112392
3407533057 3407060376
3409399390 3409015846
118070922 117699994
3349278434 3348777255
3496230603 3495776450
3512947944 3512320829
115010408 114627804
110197240 109825555
138487571 138024378
3475651593 3475198577
3459114235 3458727245
3442697246 3442277261
118919623 118586333
143580530 143036781
3443268432 3442726293
3506135241 3505556948
3513075285 3512718357
3455113563 3454676456
152914165 152527858
3382669558 3382035707
3392732337 3392259901
3462387703 3461898994
3467990338 3467571380
138823352 138433751
3457094661 3456530048
3409693425 3409173544
145302776 144899707
129745855 129309106
3310093960 3309530000
129366405 128903071
3320144735 3319670094
123147104 122669550
128712086 128306476
3369418363 3368999919
3341627944 3341203292
3338828585 3338325519
160201092 159707367
3401571051 3401052602
111667072 111217961
3425574377 3425140224
3456756477 3456192862
3439246204 3437252730
84621127 84222112
3318107882 3317613546
121914870 121456325
135939403 135478087
3311754734 3311303194
3445980686 3445535740
132993487 132556014
3427340975 3426905288
3434686440 3433980216
101472111 101007199
97388403 97051813
138746548 138252510
3380497679 3380017297
3394990333 3394502373
3462091534 3461674343
3415152698 3414702668
137111368 136685291
3414552183 3414062435
124156756 123716300
3353404247 3352880893
3333335843 3332809865
142066883 141563169
3377409617 3376881992
3457364852 3456886096
143525555 143037861
3458916245 3458417214
151416779 148540135
3430781285 3430313352
106180505 105727918
3256449255 3255952988
3235577988 3235105556
143539963 143140466
135711569 135333481
3314262037 3313773606
89500416 88964272
3385606650 3385209709
3346861722 3346394297
118761707 118219076
3353617426 3353115938
3465261943 3464765734
3392141296 3391719074
135379874 134907870
3444163097 3443579982
3366225100 3365724140
129638201 129247613
114592355 114042263
3358467518 3357964856
3405442495 3404984241
3460597184 3460182441
3466493480 3466122456
3472893063 3472344975
3462523777 3461793986
3445015180 3444503168
3441968486 3441361288
141061901 140565650
3475289424 3474950788
123771368 123253671
3411112652 3410610057
3433101565 3432609473
3529354207 3528850564
3498540918 3498169148
109134453 108583333
3477197123 3476772488
97435760 97062877
96309739 95854778
3385154324 3384699684
3389465777 3388928737
148568602 148121814
121965757 121425738
3377202760 3376756542
3386423842 3386020481
139780006 139351887
3443643009 3443200342
3467859960 3467385765
116956580 116573265
132411178 131987328
3448680722 3448120823
3454379340 3453858912
3435667520 3435243171
126306122 125891728
121189752 120784572
3450970281 3450411686
162866499 162505482
3413195936 3412776897
3394746940 3394109835
3382153533 3381672448
143268596 142842654
114697097 114250903
3413476916 3413019647
3454538403 3454120206
3431263955 3430864429
148029024 147609413
197331133 196961530
3537539587 3536812518
147917722 147500820
141768015 141294015
131635313 131122478
139517788 139089799
132438792 131990231
3551477279 3550974799
3489415097 3489020238
110637248 110300289
134040758 133692396
3424395165 3424006943
3370310006 3369656023
139105216 138631485
3399443505 3398954953
3393868604 3393286747
3365081510 3364655556
123780337 123416591
3400376478 3399831540
3407215664 3406715570
3386611463 3386107132
3387002580 3386516113
133647098 133125632
3350249426 3349840622
3373743407 3372981966
3387795193 3387293928
125800573 125386978
122327509 121903903
3448521226 3447906827
3386075680 3385712661
3401137372 3400763158
114719054 114377753
3344518028 3344083385
3434510901 3433824420
3451905812 3448566634
3446918162 3446480180
3471141686 3470609183
3443899023 3443419445
3459560180 3459057491
3440948186 3440550398
3470257540 3469878210
3463136495 3462742986
3441571323 3441224475
115398899 115006940
104969222 104634007
124833104 124446517
3379123233 3378644023
3427201967 3426747691
3434703892 3434263634
3432853235 3432501195
3405170519 3404686147
130207790 129850167
3393092389 3392629377
3403006596 3402391942
3388858598 3388503707
131467958 131000549
3409887805 3409479796
106853294 106513077
3417209403 3416799440
149233552 148917383
111663826 111295660
3365934209 3365449969
128736245 128311431
122666592 122259359
3374558067 3374063209
3363224144 3362911231
3380846860 3380332178
3394612623 3394165583
128050696 127705914
3366682241 3366297627
133329286 132982091
138514345 138073621
3328679536 3328276644
3350011920 3349658623
141190008 140803351
128856239 128560026
151914294 151603155
3398762563 3398263211
3379962201 3379648801
3361651256 3361183429
124221459 123586617
136779458 136345821
3092784826 3092331045
129471166 129000726
3128944186 3128534970
3145839458 3145455753
3148885286 3148477401
136692115 136324280
127485680 127057276
129224531 127968709
103939157 103573554
3508338215 3507842000
3610331451 3609811293
3698123880 3697661056
3699329091 3698964901
3616066315 3615649988
121294940 120951708
135680271 135271363
3421293508 3420775527
137644223 137221416
124582525 123902062
135589347 135104998
122450552 121985309
137969636 137546396
3276504834 3276069150
3359605626 3359186354
3339113472 3338727853
137734185 137257840
3336528729 3336137210
146942454 146297295
121175696 120802262
3402956069 3402490032
3466352185 3465848463
139842149 139110647
122169945 121693921
3453548737 3453129789
3450194363 3449754351
151007485 150508613
3423399461 3422923632
136388264 136036204
3674932513 3674445339
3679689463 3679053725
133636629 133193116
3723141317 3722675512
120449780 119950109
159346741 158914734
3679336505 3678949192
3693818550 3693472362
135329708 134936420
142437928 142128816
3374372650 3373877645
135276395 134819963
3440022176 3439514672
3433054038 3432685506
3457319586 3456862876
114638014 114205754
3411462724 3410793157
153055230 152601087
3649878596 3649351362
3667072892 3666545050
3655265904 3654825661
3599262024 3598837541
3685311758 3684686307
3496041188 3495605368
121550458 120671312
138615948 138188887
147038225 146541061
3448763715 3448303513
3467447214 3466996969
148825483 148498190
3471911725 3471301178
142295344 141905533
3449047843 3448651194
127136978 126703188
112246651 111802905
3334463241 3333985509
3311552546 3311042905
3315681524 3315289152
3336720555 3336253995
132711074 132250382
3303209564 3302772387
123362233 122934551
148468155 147931593
3333549301 3332992691
3362984969 3362502369
3353063304 3352684437
111303550 110865523
129575352 129203921
3333297669 3332869806
124320320 123812768
3364919524 3364387213
3394174881 3393696995
3360932401 3360435800
3392762359 3392353311
142441440 142029188
152282879 151501317
3423329748 3422892224
109913989 109444218
177354636 177028454
96505979 96097125
3363577931 3363121253
3414877785 3414368384
3384529553 3384066647
147479799 146980849
139606653 139129864
3487037741 3486525135
3428566472 3428183006
3408280462 3407633333
3401128073 3400675360
3398771936 3398279334
146393398 145919440
3377476033 3377029526
3440975998 3440490191
3399940947 3399589379
107777261 107458180
100333105 99982149
123904862 123442828
122517626 121901186
123512128 123148861
118768801 118314042
3283181902 3282607419
130077951 129647934
145211171 144711407
3246423917 3245935906
151580136 151177812
3292788527 3292211150
3345258584 3344676735
125838377 125413935
3439894089 3439296891
3424404089 3423672760
3475827593 3475361443
3440842078 3440298035
139804557 139434870
130869238 130445431
134487791 134102740
3404890047 3404452621
131115297 130700181
3345671368 3345263789
125289720 124842073
3255422578 3254963769
3330888268 3330476871
3401523934 3401048011
3508630284 3508082026
3530297145 3529874277
3484027676 3483550209
3406326006 3405622928
3360006334 3359507211
3367449128 3366961706
139541945 138967763
3413136255 3412750955
3410264329 3409827225
3379318606 3378856977
107772524 107393235
3361642230 3361168654
102885493 102518359
152560602 151931411
136423766 135996894
120761792 120350926
3380754270 3380272394
3369214211 3368801387
3360897025 3360469897
130518520 130045615
149114578 148481455
126954427 126400539
3241828494 3241243260
128562682 128183990
3276190028 3275580179
3312131463 3311651706
3367330999 3366892994
133215182 132829474
3389145322 3388691536
141650408 141306732
140168294 139814660
3412760633 3412286170
125669760 125257219
3368218758 3367777119
3362700655 3362315346
3504768994 3504153948
3442435676 3441998091
134442400 134059004
3409648526 3409208317
3368775183 3368311017
3417630099 3417170480
3331668233 3331197536
3369082051 3368608430
3315443702 3314936331
110477683 110109862
3344002154 3343625849
3338432109 3338082500
148601199 148208957
3348483954 3348056063
114898161 114458969
122797026 122383814
3351939254 3351537411
128189510 127762218
141585976 141145307
121791868 121345353
151802564 150787646
109043950 108487278
3156246439 3155852378
3141474756 3141065618
3149168684 3148652384
3384602414 3384156193
3462747187 3462299622
3464657739 3464244480
3448629107 3448161830
3488073509 3487499700
3394883952 3394383659
3434953492 3434437210
3449869507 3449427000
3465702823 3465246347
3400558231 3400078119
118612776 118178524
3405277088 3404830179
3421467818 3421022291
3456928130 3456455892
3418078830 3417688129
168229664 167795758
113935802 113511992
3432337174 3431794613
120711125 120294455
116142602 115730216
3379362279 3378888236
124066787 123575982
135655043 135180000
3419748438 3419324816
3444148583 3443689166
117875257 117393100
3344587124 3344166542
112881695 112247493
3344289287 3343733008
3387888238 3387432261
3344260790 3343794250
3434897553 3434423786
3463936647 3462962984
3443205319 3442752560
3502132504 3501629919
3499172743 3498567799
114151827 113791614
155423817 154989360
3416696115 3416231514
152936209 152466055
3401044442 3400414220
122271637 121846876
3360290727 3359801685
152064165 151583191
3392311564 3391936114
3362911437 3362283007
141375870 140981581
132318957 131883758
3424354205 3423735501
3434206597 3433823577
138834135 138444884
119289261 118779541
3423957825 3423544541
140640810 140280551
112309412 111872223
3391240914 3390828730
3388512068 3387907194
138377926 138030633
119740493 119369721
3397742449 3397019178
112181868 111741996
109521889 109095997
3342662798 3342125478
111256388 110800194
131812231 131440498
99275083 98846261
3205699093 3205250195
119583383 119149144
3192100605 3191688080
138159956 137682533
3221438565 3221031502
140935802 140508213
3420247011 3419788751
3428651550 3428210077
3417565958 3417192367
108620988 108295020
142248740 141780983
3386345244 3385794814
128766766 128335336
3392840500 3392373486
123141972 122455038
123867235 123488178
134053973 133629387
3419198534 3418728301
139824111 139317356
3422504531 3422157709
3398855173 3398428676
117627651 117141438
122184847 121858908
113640295 113302924
141569932 140887115
3244586057 3244145754
3258347362 3257936660
3375602420 3375176766
3386808582 3385788668
118777094 118441423
3410932315 3410479632
3404185298 3403705312
3390927568 3390235382
135215398 134744793
3352322875 3351925025
3345440008 3344742788
3403217855 3402757276
114605243 114113319
3349803953 3349313409
3330363844 3329908783
3313344600 3312846837
3295239639 3294793922
118580042 117935937
3325223051 3324467730
3354590761 3354015817
3389180600 3388543909
3411884118 3411422422
3468641806 3468100930
117114486 116690628
3430832114 3430368487
113601422 113191417
3443262406 3442608257
3395383214 3394887143
3431429718 3430989497
3461397695 3460912345
119014894 118494097
155883084 155441692
3438758484 3438301686
3408916920 3408423721
3424163296 3423686789
3420159571 3419621713
3443041168 3442453658
3401086939 3400596992
3411424850 3410940732
3454560234 3454059023
3409991625 3409550069
3362915256 3362319004
3393930166 3393423693
147501935 147080135
115782677 115359501
3357985400 3357483013
102532653 102003832
176523760 176178773
127551884 126971151
3275365277 3274890145
3318873614 3318371928
127434979 126971549
3306603598 3306123297
3388855835 3388380418
3389682448 3389229059
107804067 107326558
126809626 126388500
3318625419 3318081513
114446889 114032675
3293644230 3293165282
3325704268 3325223640
108420730 108065909
3360064107 3359524978
3353322720 3352599856
3365831472 3365393229
3393481498 3393032089
3375166247 3374733997
129415223 129078341
128687765 128243486
111244725 110905725
3304038800 3303568812
146869517 146405807
3260353833 3259895078
131786479 131353339
127457332 127072479
110959908 110572471
3237650038 3237206379
126433341 125908513
113079447 112612082
3267399999 3266972331
3231146307 3230682532
132496840 131966297
3327735912 3327106431
142479371 141843553
3316561249 3316092756
129120770 128625592
3361439699 3360948455
3308578025 3308079838
123048178 122397670
3322519999 3321975184
148265128 147936662
130477612 130086343
114481138 114064981
121012511 120638037
115816582 115257153
3285494563 3285102422
146876498 146472648
3300285813 3299891027
139638262 139230811
3245767687 3245258268
3235760222 3235294477
140709218 140276525
111302925 110797159
3323772751 3323298785
3386617289 3386188650
3393474079 3392855064
3391738480 3391296377
126721230 126313000
3370361645 3369941914
3290682918 3290155215
3249540440 3248987456
146673125 146136790
3245647677 3245316361
3245427665 3245018710
135099831 134691242
98932977 98577403
151643232 151258517
126926183 126188736
3232214691 3231737084
132710814 132355352
130010404 129557675
3295263525 3294815317
98059152 97681126
3261734460 3261102556
3299188192 3298783775
3355312619 3354742883
3388353067 3387910440
3403529826 3402890743
109793592 109321238
3391067289 3390519106
3377477041 3376984076
119201278 118829798
3309916274 3309450381
3382976448 3382534322
3362208083 3361730234
156505265 156106502
3460641913 3460155797
3465733902 3465375420
3379592443 3379141906
140830352 140399005
141145944 140691308
3426633071 3426224837
3403294230 3402839853
116836017 116440536
3411328949 3410928137
3447758574 3447343323
132493575 132078509
115793138 115499399
144921485 143203782
146279197 146012178
3273813808 3273367675
3263223349 3262732545
137258943 136836408
3266505627 3266023352
102693862 102278140
175794261 175450342
3459055339 3458614751
3472839875 3472574403
130811745 130394587
152648914 152301496
136364968 135917323
132679200 132353609
3381407623 3380998610
3411435238 3410968720
3377465472 3377006173
143438195 142985083
3465072494 3464700629
3429857286 3429541240
3485261111 3484870027
143175529 142726466
146387379 146100574
143580401 143148729
115564035 115109347
114963280 114515403
3365128436 3364691563
145176827 144765786
3336472714 3335990052
3370874429 3370493567
143541663 143027836
3377291337 3376823559
139921889 139498143
3468534145 3467952609
3456310588 3455843083
3436994083 3436575709
125432853 124980272
3437783032 3437297173
139164088 138741838
3477934004 3477313823
3368491524 3368031633
3462872792 3462268130
3394085180 3393631220
3385794527 3385326533
3395050801 3394541576
139167292 138737715
120397147 119984704
3357614240 3357139693
140833565 140395488
3313105710 3312600940
3322400452 3321949841
3422540368 3422048676
3424385144 3423947796
111777400 111386842
108463447 104199034
3378211153 3377638577
115475351 115081427
3365497035 3364999152
3377819970 3377365361
141664369 141320675
104556806 104138965
3390650396 3390190846
3351810296 3351345080
119329489 118828690
3347755005 3347365607
115092646 114711642
3343003054 3342480939
3361575499 3361105084
132205428 131801154
129361059 128703865
3420675942 3420158246
3372881287 3372489830
3372012031 3371524233
110213131 109838119
137612455 137210274
132719417 132078107
3391047840 3390567888
3334517140 3334067588
103723832 103068479
3398193595 3397813530
3409733682 3409331453
3352210716 3351746585
140447898 140097146
135826957 135554485
3340579521 3340136703
114318534 113742903
127216214 126875249
141355079 141001053
3368084331 3367402341
145283079 144876703
3441975689 3441562204
3477652639 3477207133
128626647 127857462
3511605939 3511187377
3430081320 3429583632
135299942 134901550
3430427266 3429896992
3488389539 3487933665
3484605064 3484290275
3449859023 3449470946
131127156 130654679
3454148084 3453690547
3435574670 3435054161
3390901206 3390030486
3389773884 3389348194
3370447582 3369873439
3386181943 3385736123
136894090 136540497
3380005952 3379528513
102046534 101613106
3334867377 3334479493
3375681291 3375308410
146398784 146067807
3356296023 3355863735
3346310907 3345865159
3322634058 3322180911
3428640568 3428177344
3415517537 3415090386
3439054491 3438647472
3403118979 3402752916
109007777 108652959
3393181654 3392677490
121563114 121070793
138644564 138209366
3392261660 3391781715
3361367291 3360912047
126759669 126418886
3410853206 3410352147
3371675212 3371279111
123538182 123067591
3382523651 3381965696
3414945251 3414568060
3449193492 3448804691
3407084418 3406661070
133969244 133646177
3396329368 3393354769
3371144026 3370566851
3407062509 3406663675
115260776 114789762
3444657256 3444269297
3448812770 3448382457
157674106 157309898
3362757148 3362235082
159364168 158912151
3385340632 3384867267
3394212472 3393717975
3381588581 3381187916
185700392 185234138
3400473414 3400026373
3400225837 3399646308
102708582 102239799
124963784 124592997
3370894206 3370467000
141291467 140840157
3452892361 3452358440
114894251 114528206
3432275904 3431889104
137120007 136721432
3392344525 3391885518
3377094276 3376688271
111102785 110678392
3382621727 3382179368
130583991 130170414
117719757 117354691
3362504967 3362046039
3336838643 3336379467
145985233 145608699
3341128773 3340746356
3372355112 3371922735
3415169682 3414392837
117562588 117130941
3338103709 3337723058
3384440556 3383942328
3322867575 3322457839
133022122 132644687
154614119 154188008
3200691705 3200172820
128221052 127821440
3309643130 3309181872
111327770 110909130
139137845 138696656
3401632130 3401203746
3382939299 3382601343
119047839 118569107
3316391720 3315916076
3299248388 3298827887
141245745 140669000
3302638685 3302120616
3326568230 3326169976
3361502622 3361052933
3425024297 3424564296
3399917962 3399441170
3404411646 3403937624
3380513522 3380051878
3389017080 3388540291
132868892 132339944
3401361789 3400860691
123750437 123272770
3327183162 3326433036
2962996525 2962532168
1605593320 1605109081
