40073001 38381938
72319903 71709311
61639657 59894660
90160717 89064097
102259385 101364832
155005492 152682591
1232804552 1182521992
129441881 121280625
126877169 125987708
2861902622 2861099203
3000689345 2999467774
3426395172 3419508740
3459796582 3457119830
3487876626 3486813242
3510054985 3509312630
3514189294 3508976940
123223122 122500888
3507382732 3506707203
89340905 88808456
113678959 113135601
134618977 134057755
125210594 124637336
155828603 154555581
3436122800 3434122615
3393603440 3390514255
137552357 136845129
145291786 144834914
106542207 104446347
123512573 119731451
3356921231 3352103064
3320952196 3319648689
149618676 148737344
112697364 110499178
3291933015 3289830488
3403788199 3402378472
3401755863 3400994374
3383450600 3382852561
3385469522 3384771124
121502073 119447776
146233750 145729887
3447847957 3447215528
3443622298 3443030506
3415207078 3414642413
115447404 114763426
150299934 148242857
104980895 104490893
137311491 136719681
3350564308 3349787777
127973224 126291545
3375956724 3371907607
3346563712 3346012902
131960576 131493739
3398585661 3397811925
3376796625 3376078603
3401611155 3400956066
134657926 133798812
3355470094 3353366061
135867818 135316881
3405242734 3404598452
3445069261 3441904310
3443759084 3443291705
3424550268 3422421380
3443714224 3441632487
118956200 112898392
3462034932 3461287908
147481118 144820905
3507305896 3506582794
151116140 149350853
3471239752 3470624393
3462619842 3461909001
134630955 134158855
3427927763 3427418141
3421798053 3419891085
3431667073 3431079577
3445946879 3445108014
144760259 142918402
143606585 142188536
134687663 132794472
136093476 135716013
123801419 121683858
3383462115 3380861424
158584520 157784378
116436953 115600192
147718804 145670110
3351110743 3348554989
151994895 149837531
130002547 127859130
133915435 132016294
3331643152 3330992009
3346067094 3344203592
3348139465 3347568288
3328288363 3327183255
3346498299 3345931946
118970203 118127419
156602207 156012021
3285814913 3285265951
138037731 135903703
150577766 148425254
123852733 120656223
3352118681 3350520635
3362314684 3360669511
3505015044 3504153381
3521815342 3521237018
3530616770 3529986487
3540697584 3538869301
3565330284 3564730830
124836228 124394591
149702679 148940564
3582411966 3581526856
3542953882 3539846492
157315239 156525058
147123394 145376994
3526619269 3524671574
3544164064 3543585147
3546157699 3544257082
3446921765 3442344167
124557361 123768631
3481637242 3481053589
3464986054 3464313112
3473752032 3473181763
125786668 124263547
102847684 102413334
3430467260 3429910936
158160077 156417704
3462211845 3460370945
143232741 142737725
3452272817 3450409133
3440519145 3439922830
148568031 146562871
133321991 131361842
140997837 138443831
3443126484 3440643900
3364104137 3362180805
138692871 136948501
3453907804 3452502897
3404074501 3402398070
3406418558 3405293866
3425405874 3424951528
89060556 88072080
3337553111 3337033471
3321179351 3319496468
3322628953 3320643662
3282315297 3277978045
3293858996 3293420331
124890495 124136514
3169803277 3168011042
3168118938 3166984288
3124143899 3122979403
3127178509 3126606649
3125375890 3123578499
3116784940 3115329967
110233849 108291602
3116157171 3114302401
3118815855 3118216972
104850651 102946826
3112556502 3111734035
117113681 116612085
120570036 119791936
3126446033 3123699380
118200151 117748602
90706658 88715630
101190016 100739167
3040772395 3037147629
3053980762 3053590000
3009949772 3009386177
124547677 122818433
124185326 123576701
3013468474 3012794119
3023686218 3023062700
126101066 125639749
130595532 130116741
116584206 116140184
2979749209 2979229462
97745310 97302727
2956864018 2955037400
3031227206 3030617093
3024125868 3023546019
98281351 97766445
3024503952 3023987301
123559462 122287338
3000541701 2999978396
110268765 109798069
108787248 108329773
3007326615 3006882486
96874840 95085327
131679815 129843919
3035175494 3034587922
3035955472 3035330786
3030590622 3030092201
3004156810 3003591716
137003626 136191544
3041058240 3040435823
124346017 122654403
3066337000 3065771610
3063888749 3063326162
100308288 99794497
116300320 115854057
114839701 114088020
3034963255 3034434210
88308121 87868713
3046433728 3045720748
3043196824 3041465230
3046617661 3046113430
109031220 108578204
113563774 113110469
2982533314 2982011895
92418327 92024337
86841995 86495358
77074671 76637359
95016244 94597594
113754698 113308542
102624981 101859354
2858854170 2858081172
116144217 115699487
116537689 115594785
2872750300 2872113369
2882761167 2882224780
105803500 105390059
109218781 108706698
2917506441 2916932569
138433551 137942944
3013255060 3012768349
3064423511 3063911714
110633142 109030322
3061860825 3061314489
3028893713 3028331078
116294147 115847472
110542225 110067187
3034094038 3033563899
3054500056 3053858001
3095308762 3094772397
138252573 135636196
3153596551 3151734407
155187769 152553581
3212395336 3211556429
126103817 124454884
3282108833 3281509521
3332830273 3332275711
3352498685 3351861021
3350629978 3350068509
147973132 147561937
3404885229 3404374937
3384793677 3384281703
127465962 126781451
113514314 112481617
119778111 119350227
132572766 132181230
130490188 129336383
3360856028 3359297898
119725753 119123297
123973947 123520013
116027492 113963482
154112561 152162427
3336590251 3335967378
135819719 134051437
3371245597 3369448499
3357498537 3355981596
148372484 147989512
3323530779 3321729973
148857237 147004892
3323686531 3323122207
110204167 108650148
3312625255 3311822549
118603905 118115005
122103896 121362148
3352575086 3352019684
154474735 152699687
3364422680 3363158520
3366532812 3364295014
3400362607 3399801522
3438918527 3434318777
124843335 124393940
3414148719 3413696407
112837460 111072968
136348370 135296853
102559713 102215824
132695361 131936434
3399103035 3398567199
131961393 131516883
3412863366 3412384175
3413079463 3412667273
123139165 122738925
145728714 145336595
128279435 127600789
3369337940 3368609938
3408590039 3405259868
3352563418 3352153279
127832214 127294290
3368459766 3366775408
104599039 104225410
135674701 134032597
139064300 137324439
3387955971 3384476681
3394275823 3393762107
3409892242 3408104144
142266307 140326133
3432019093 3431544904
138209445 136429351
3423088960 3421275722
3441166094 3439407706
3471531815 3471012336
3474200948 3473711730
3486190904 3485820111
128402613 128016655
123797900 123374295
126838063 126474518
3425240252 3423523538
130096593 129675062
3420145884 3418343608
3410251902 3409872443
3445191863 3444732894
3442405469 3441968276
3467720935 3466061377
140645844 139433467
3451296894 3448489280
3542893794 3542304046
3488720445 3488319996
3533681756 3533267653
133552882 132888579
158081613 157700783
3459752140 3458064414
125925135 124385421
3459145401 3457239719
3457811883 3457419908
3416157692 3415610864
3458087143 3457528623
132575642 130936516
126240990 125515524
3450159701 3448450956
149213736 144430007
3432351604 3431940692
3401967809 3400194347
3431513320 3431031438
3435174685 3434632656
3410319853 3408622795
129008244 126081879
153553910 153200127
121168712 120731562
3393904848 3393372752
3387138544 3386777074
3459869257 3459291443
3473410889 3471621160
3463327386 3462932596
3462470625 3460943731
158866337 158447291
138632344 136614611
3380722507 3380070683
140424432 138516671
136394620 134474168
3397333960 3396765526
3434246603 3433792960
107943844 107558131
3382791897 3381148073
126491035 126035870
3375629405 3375077666
3363783944 3363398347
148465180 141528411
153477305 151393005
3386915852 3385286044
3411266575 3410803048
3407893015 3407500827
145480357 143790564
3379299010 3376424595
3427249915 3425333050
124059478 121991410
3488964302 3487975106
3431123690 3430722919
3463682248 3462261136
3418811181 3418360076
3441836387 3440063618
3442447558 3441486040
3462107085 3461619063
3446347478 3445765482
145600125 144734668
3465144392 3463077365
115832738 115073395
126064359 123261329
3490402059 3489737876
3454614000 3454098977
3457483474 3456999550
154752919 154293884
3429368360 3427677708
139066074 138719346
3451489698 3449407985
3383256699 3382609517
3382660361 3382151585
3418601625 3418045374
3461011907 3460588627
3430569869 3428697610
3449942202 3449465323
129018175 128493626
3526319516 3525889484
3512274444 3511818594
3532062531 3531599700
3485015544 3484615341
97132352 95525986
112586327 112269274
125959483 125598327
137940265 137021465
121623415 121240059
3410008565 3407573732
140702865 139656964
108620258 108157503
116060351 115706199
139878645 139502867
121454468 121092482
3265158053 3264671489
108589063 107349825
3260312022 3259877199
3296693090 3296292357
132047472 131593534
143008286 142511187
3238443910 3236558270
3346882834 3346388318
3313607961 3313110074
138585985 138131835
148500027 146801346
3400405398 3399948539
155606970 153714422
3442435771 3441961736
3435126454 3434379832
3437798771 3437304826
3434880983 3434360589
3458124036 3457769210
120901903 120456751
3483057984 3482597984
3450883382 3450358580
127546779 127080585
101971457 101464180
116792906 114906717
3457980752 3457502540
3470218496 3469798859
149087498 147250604
142106395 141789067
3457416948 3457006795
3457761893 3457216269
3466483108 3466078789
117620694 116707528
128287664 127952544
140636227 140282580
3416274702 3415864376
120767216 120265666
3338800489 3338384790
3340507959 3339974618
116348344 115961552
3410750583 3409766636
103613885 103260272
121578440 121213852
161117782 160654922
159669311 159159234
3328344731 3326579657
143786140 143302524
3338628191 3336983494
3348880822 3348484799
3429283445 3428768881
3450887825 3450489981
3440769407 3440385318
3447404299 3446901531
144287067 143893266
131957421 129470740
136782091 135796369
3479678220 3479178196
3437096093 3436444361
3446948846 3446434105
3455085489 3454135880
3427607557 3427122635
3463409033 3462865380
115099480 114705694
127860949 127406252
3497915245 3497320954
3519933110 3519323417
3501679484 3501279521
3526003952 3525334620
3523274016 3522743743
3464555459 3464111384
136863388 136387616
3459725195 3459112433
3476956875 3476441342
3505779596 3505255475
3540915160 3539202759
3526015984 3524325442
3505470650 3504988890
3538237641 3537751601
127133048 126710466
3503392028 3502890608
3489312901 3488817840
126499906 126023479
3487898814 3487391711
124045911 123517904
3499186667 3498557477
129602300 128913674
123161619 122438559
3438694349 3438263193
3425709932 3425156452
111223133 110471173
3448179932 3447554017
3401991249 3401525240
131257273 130796882
3432190321 3431738570
144084834 139948156
114854262 112803577
3400192470 3399812199
144272188 143937688
3422129331 3421681035
3415053458 3414566026
153871941 153519724
116947163 116438708
3412492485 3412046432
148877259 148431527
118297990 117835536
3411424632 3410473355
3374901655 3373239687
136128218 135675395
144495278 144110151
146684736 144786931
3377685048 3377068019
3415095083 3414514888
3404311379 3403770890
3433415325 3432734663
3514496371 3513855165
119599708 119220803
124071704 123732648
3405947452 3405504350
3393197324 3392801967
105199084 104858456
94409189 94005509
96630335 96276095
131268180 130947929
136198787 135412669
107540045 107173567
3323304840 3322792075
3414638398 3414020762
114523809 114010003
3322611494 3322118358
129364493 128949113
3319161550 3318729664
147315735 146830933
3324150720 3323622819
3416498070 3415506817
3509494069 3508994905
3482948355 3482477196
3474959289 3474487385
3506692025 3506250102
142770456 142328585
3476509417 3476111418
3512067649 3511571490
3523727303 3523357279
145103938 144609915
3512999670 3512583654
3507003635 3506478471
3511174877 3510662014
152830478 152401663
3511036788 3510534330
3474974912 3474513932
3485529644 3485055975
3475167319 3474713350
3478087599 3476607815
150192141 149784463
3461626404 3461097880
3490746170 3490266799
3479215747 3478522539
151416174 151029000
3537632721 3537035958
3486968022 3486389569
3486426637 3484979987
3491384640 3490989380
119672564 119278052
128399219 127966707
3491776664 3491358993
3459168275 3458791237
3481547291 3481147550
134380910 134008110
3450217134 3449689981
3495258043 3494836251
3444049963 3443636993
3421938236 3421407819
3452635216 3452154296
3480001819 3479514654
137788765 137089986
3481249492 3480798424
3474784559 3474445465
3492072675 3491667640
3460572511 3460044829
3480156095 3479647450
136940740 136500302
3413695165 3413281763
3444187378 3443793993
150359595 147939248
136883701 134779180
125552119 125157114
3390495967 3390002973
119622269 119267955
127200923 126520535
125841156 124498823
3337829191 3337353453
3344792160 3344355852
3370754745 3370335749
3378656577 3378237119
3398945977 3398484891
138886597 138452763
3374594753 3374198927
122525197 122125539
137633824 137284969
3384288525 3383790876
139983794 139532451
3406209445 3405818442
3421886256 3421345513
152948454 152500427
3402786093 3401085122
3433928274 3430922939
3402729234 3402372938
160849298 160092832
3407438117 3407004937
127888516 127522185
3435176888 3434754624
135257768 134883312
3428829760 3428373132
3471456696 3471010421
3437665714 3437252215
3467662747 3467179048
3482962583 3481789511
3457062970 3456556063
125001670 124531599
3458641905 3458249783
140103803 138279410
3495596011 3493927714
3498550803 3498122971
3548064957 3547491933
3497998562 3497506480
3532847800 3532467854
127816599 127469960
3464722541 3464248619
3465680022 3465212422
3478286874 3477914402
3485938326 3485413265
161594806 161161464
3478232510 3477768651
130609841 130271712
3486527116 3484958321
3456109656 3455740786
139976089 139560833
3433881176 3433531565
3456594015 3456114561
134351198 133915554
140635511 140219846
3480119731 3479712817
117521980 117133969
159503178 158985532
3435345596 3433741429
104154258 103776983
3413339889 3412887721
3458469425 3458087912
3474960939 3474517423
3451332892 3450909605
178943092 178581087
3462893656 3462468263
123650087 123243197
3455449100 3452377251
128439443 128094198
3382567693 3382031756
122782491 122473307
138045767 137658076
117239707 116860402
3389806153 3389408078
3415513861 3415031844
3401667859 3401314932
109891959 109563573
3394295823 3393978511
3418956709 3418540895
144604892 144255711
3435792823 3434530706
3419908926 3419592617
3436557212 3436080467
3473650082 3473252580
3486409059 3486009084
3469708893 3469395196
133755136 133298956
3526403873 3525907729
3519004174 3518681242
3541039574 3540742102
3533331339 3532976129
158446860 157165417
151185369 150523282
3425014238 3424633867
3430861486 3430473956
3418059474 3417661986
126121361 125807208
143870148 142197035
3392390161 3392038162
150906565 150523500
3399129482 3398701866
138182035 137871643
131850982 131542300
105860316 103616734
3341232699 3340709727
116783265 116445069
120852455 118938299
132600268 132250984
3326557675 3326162026
3329989345 3329663110
3347827133 3347531959
161538210 160858575
127632331 127221854
3321019355 3320619066
3483375386 3482994861
3498066919 3497781425
3490147934 3489773044
120611702 120238549
3530113862 3529783046
3502823515 3502510889
3437481842 3437101224
121454839 121070116
169733105 168849272
122288358 121640089
3441422485 3440546978
3437942007 3437638839
132862539 131292872
136111093 135706273
3420828506 3420528909
3443720682 3443316912
136406640 135699817
131337972 131056777
121908509 120800420
153215780 149617888
124928403 124577755
135209200 134777740
159113194 157363985
3279457949 3279081024
137642441 135889378
3347176306 3346763684
3402134050 3401679815
3377731361 3377365625
139251629 138883436
3271045081 3270638685
106866974 106521315
148011847 146872628
138593683 138264074
111031532 110088756
3294291467 3293852109
3277138379 3276828527
127507234 127191539
113698381 113402004
149015587 148702697
139070189 138782043
140009593 138824286
3257831611 3256451472
127423446 127107486
3298282809 3296713942
3350829287 3349256765
3403199159 3402793883
3423143035 3422764387
3451681362 3450647332
3493698979 3493299501
139070323 138624622
3508291874 3507762627
3503765938 3503456804
145783856 145361938
3504536486 3504077101
3504591365 3504205938
139555307 139139503
3494653766 3494160998
164795318 162991681
3418316813 3417308126
129615878 127869056
3437623880 3437246045
3516031501 3515445625
120623201 118940325
3430361809 3429977911
3446599928 3446186383
3471738959 3471329220
3482451172 3482059900
3472059615 3471579293
121499689 120821695
3436595427 3436219306
118381632 118044429
3420790245 3420337629
138172000 137535415
3451719217 3450772195
3435076131 3433986547
3434550115 3434125272
3458775451 3453388353
129416419 129031968
146421026 146087607
3398041079 3397583395
3421083794 3420770085
3444754047 3444374445
3483633539 3483271836
3467077091 3466595304
136583344 136294144
137930805 137523543
3437297332 3436821597
152426446 151978597
117556213 117162724
3431935987 3430378366
97049614 96586401
134086756 133685963
3449948232 3449477630
3473775657 3473440983
101741620 100637453
3427223381 3423912032
131476776 130808705
3421034435 3420633056
3417999146 3417682366
113327275 112959458
3420196775 3419761012
3383058801 3382645849
115950225 115613919
126499554 126177726
98845708 98438913
3413658980 3413206033
152309310 152013330
103588602 103268369
3387739431 3387268298
3452258141 3451792002
3442371258 3441950723
3410232678 3409826610
3421731351 3421296024
3477453465 3475979244
3456909357 3456516269
3582023270 3581553835
3536086984 3535758926
3523621914 3523225152
143856932 143512889
139995865 139596879
129167573 128810027
3473710918 3473273371
140745523 140287304
3500472583 3500080207
3469669033 3468895927
3488187983 3487854762
3476217415 3475795255
3488437529 3488121454
3471687390 3471352851
3477546442 3477107656
144312653 143910150
3469272817 3468863372
147177294 146792490
3528573597 3528174443
156606033 156248705
3464586809 3464102333
3468703686 3468345758
3477768024 3477421879
3459258593 3458948024
3505928071 3505519245
3488339298 3487989543
3493307123 3492905353
133265915 132856622
3459536375 3459088514
3482689629 3482239351
3483876529 3483417000
3441960824 3441540541
3489108945 3488647619
3482848395 3482491906
3501285709 3500877763
131394715 131025011
122785175 122411533
123178359 122835311
114370641 113952238
3435393569 3434995181
3424126887 3423728506
3396766008 3396340189
114429955 114008635
3378199644 3377715132
3406186855 3405008377
153310320 152864777
141707254 141300878
3422907179 3422479378
3360698747 3360259835
155961735 155499018
121632048 121230144
3439077665 3438649896
3430184019 3429760205
142929899 142584113
112176653 111699092
3435557428 3435162920
3410199553 3408675043
3403871718 3403449948
98598657 98282815
127591128 127227304
109137199 108797974
130916750 130600775
120535131 115495411
125363667 125041156
3311222363 3310795468
3294990076 3293720293
136742805 136337971
3286537855 3286090713
3314491365 3313128625
152888422 151959195
3328497438 3328099522
143779384 143233000
3426371978 3426001220
121838307 121460461
3449150555 3448810533
3450498545 3450066786
3502871841 3502471544
3469692019 3469274609
3453632250 3453294287
122893453 122509957
3511450383 3510892526
3481900621 3481460065
133280171 132873216
3453066482 3451857032
121343033 120903979
149716373 149305324
128819851 128399646
3429218135 3427705493
3410944602 3409078119
3433488718 3433091082
3414680273 3414239758
141081893 140753475
3425883928 3425529792
3423993157 3423679506
3424601854 3424203225
128920546 128623099
121050675 120740761
141016450 140603790
136363168 136003902
116855273 116494175
3399708581 3399172830
3408848908 3408523494
3385854474 3385342052
3376173883 3375586532
3417389131 3416947685
3510182108 3509606672
3478018347 3477691659
3546246265 3545762857
3524937556 3524571496
3537011122 3536674186
122360813 121977648
122821706 122431719
139277786 138399271
133470865 132773988
3322146713 3321753421
3342466876 3342115868
139818583 138592320
129405820 127833694
3245202723 3244760938
3182441216 3181994764
3131110278 3130728791
130148482 129720101
3116142692 3115671667
3090582394 3090243940
115382862 114959025
3035759523 3034578346
102035772 101645464
131697131 131240723
114932420 114475125
3037692167 3037243983
3066075948 3065586084
128376176 127321055
3046480348 3046148817
3028446111 3026932124
135126029 134848191
111173694 110815107
3000975314 3000568550
3044331696 3043839801
3069479931 3068982800
3071398537 3070945335
3076442972 3075976606
3136021314 3135601883
3175109753 3174745183
136175508 135768712
3204407257 3203932015
108841386 108546970
3107167310 3106753026
112076048 111740036
127091723 126751852
118435589 118139095
3109018813 3108712177
92708211 92069221
111635729 111188785
112860795 112450844
114806321 114427580
131576530 131139883
2996027169 2995703940
2906426196 2906089277
48682406 48352531
2613743060 2613336486
105790422 105516363
126456763 126190904
130944860 130632976
141459452 141021514
128414153 128072648
2482901747 2482428512
3086701297 3086289553
3089709263 3089334178
3162711788 3162273033
3088498848 3088082346
98180348 97852463
3102666678 3102337443
3152912080 3152620667
115699499 115332417
3115873739 3115494359
3115685132 3115389872
3063085039 3062228975
3083569209 3083163776
3088263446 3087924047
3094451987 3093664882
3102925119 3102314063
3121634712 3120499463
3138375704 3137903022
3126296749 3125952899
3129214771 3128920653
3113016984 3112580438
98575606 98230166
111598985 111268080
138437447 138053899
3288996478 3288631197
3302704626 3302335288
3290045716 3289618739
3296982034 3296569621
86953173 86522184
3303418641 3303060256
124800471 124406559
115920147 115600952
3316600978 3316319131
3310960054 3310527767
3317275445 3316929067
137185242 136808753
120793662 120445191
3258229951 3257789086
107966236 107683981
132378594 132025220
2977254835 2976651563
2962619031 2962182631
2986360199 2986008446
118445530 118073762
3006017188 3005573993
138820326 138448027
132266895 131829195
3101243856 3100912790
3114080018 3113784527
3080075190 3079673900
3027136077 3026819752
3048011108 3047607577
103452541 103178580
100440145 100166360
102590917 102245057
120287369 120000685
117716151 117385373
115224595 113825748
2869948790 2869488894
2871554524 2871144639
93958161 93532823
2866047162 2865640918
103398897 103004633
2954345846 2953922716
2940900838 2940586448
112829945 112434508
2964164752 2963820063
89677255 89354653
116964513 116616870
105436100 105070961
2938732072 2938323545
92953558 92613765
3003732047 3003307538
119634453 118386772
2889363555 2888939362
92151224 91773409
83666312 83274953
142285226 141575348
118103618 117688485
2752347414 2751954060
2802155324 2801705505
2954028703 2953583556
2949133125 2948797926
3000369320 2999915072
116161810 115777284
3038507214 3038105018
3049352519 3048831427
3056792473 3056465140
128742824 128393812
136290540 135864019
3038071494 3037748208
3074994155 3074625021
3035229127 3034788705
125631573 125227066
139319464 138909763
3011543713 3011146098
116321343 115937532
102179400 101872890
3026308860 3025934104
3031363327 3031044606
2986949113 2986555336
139425959 139065376
88835887 88465735
2936326611 2935934449
111380550 111086156
2888299681 2887881239
2885581251 2885161796
2915901309 2915432736
115909948 115602842
138793366 138420326
132124259 131733556
3086196421 3085758596
3095738095 3095407414
3128399102 3128054756
141451068 141090650
147511562 146720266
3187704170 3187295419
3211372046 3211004471
3215615062 3215214252
139603282 139225149
160297005 159830846
3269015909 3267884874
150720873 150379841
3323456368 3323091465
118674925 118343604
3337724795 3337229136
3414967846 3414402396
154612848 154230208
140748685 140401716
144063571 143723624
142006034 140475199
3315893561 3315464331
3321791987 3321462767
3355434658 3355098199
3337329609 3336917355
106557164 106245945
3305501875 3305124345
147257111 146862090
142864690 142498219
3312349976 3311911577
3318543535 3318159258
3316945541 3316582689
3357373091 3356949718
3362567639 3362126951
133830438 133398917
3287945448 3286267329
3360111486 3359681205
146718942 146377304
3360789703 3360401021
148570010 148173729
3391559780 3391140202
3371607787 3371127034
155681054 155306485
125861780 125477209
3402696592 3402403854
3423492628 3423079151
3389628000 3389195800
147275154 146931948
3286849727 3286455134
3323827732 3323391232
3346336196 3345864993
3363158016 3362793789
3382051579 3381533700
3358537786 3358120750
3477445448 3476988927
3494179743 3493799342
3495467718 3495197929
147747028 147375325
3417936243 3417558163
117968974 117646348
3360185241 3359627065
137192959 136748814
3340364697 3339945251
3381173454 3380783891
3388210182 3386829062
115549241 115223599
3349785601 3349304960
3328449119 3328034690
3366095147 3365657358
3398971094 3398484347
3458826360 3458486338
3465425597 3464255573
130464353 130104245
3379015238 3378550803
3415177175 3414725848
147803664 147421045
133054564 132431358
3460180197 3459655048
133052200 132710744
95306592 95015913
3436028929 3435657742
3379352056 3378894278
108187012 107826877
164555588 164205421
3382896734 3382512667
134860048 134457987
135787615 135466384
3335541199 3335084681
140085401 139386748
3377099267 3376736923
3411485211 3411128264
3362380586 3361967777
148090859 147615733
151536784 151112567
3380144954 3376669739
116265250 115619354
3396086643 3394517901
3456102661 3455676964
3465705186 3465244198
3419723312 3419330643
3460408093 3460020380
80489772 80162130
116256888 115603837
142011074 141341269
3432011660 3431593306
3390986136 3389427280
3397498959 3397194730
3448275768 3447534871
3452301817 3451852684
3446968181 3445387144
140852586 140503534
131404100 130976600
3457956317 3457567663
138117122 136396182
3561226437 3560661832
129212742 128849145
3516549468 3516027438
3462452533 3461972022
3481033536 3479578743
135007630 134627324
3475587631 3475114873
3456109540 3455650720
3450184968 3449724247
3428025757 3427537085
138570504 138149895
3427059812 3426700089
126162422 125765010
138155554 137877551
3398325355 3397872698
3393703795 3393391533
3382704378 3382327989
115975326 115694195
132965404 132483879
3354719358 3354282955
3367713144 3367397416
127242388 126909509
3350092791 3349713299
3360382894 3359988703
134381679 133981292
131802363 131352547
3213572132 3213180376
163172078 162764892
137093552 136681367
129004789 128583462
146114075 145709196
3232971597 3232584974
3256124812 3255754533
117692420 117045011
3221970198 3221524905
140201417 139863427
152513190 152205264
3220136399 3219697723
3317955893 3316588866
3349840997 3349526535
3308627754 3308198161
3328909413 3328507176
126795790 126417444
136546694 136248199
139215156 138963557
3197803130 3197343417
145426793 145011448
114503898 114051653
139811858 139395090
3267868353 3267477598
3304903978 3303557868
3296700585 3296259089
3313574859 3313245749
108176596 107793681
3313214780 3312745087
3387786577 3387341186
3385839924 3385525076
3406671498 3406271640
3405403463 3405058801
157252945 156915605
127210120 126811500
135911476 135502173
3427546597 3427079553
3412293678 3411826240
129204251 128816790
3440080843 3439704040
3430899286 3430448657
3512021806 3511534724
3436531917 3436162621
119227275 118625641
118687692 118308188
3326211366 3325746210
3354051965 3353671314
3376477246 3376109781
126763995 126402743
119869732 119588608
139760719 139391323
141013058 140639887
3315241246 3314849074
3296220677 3294624212
3415288227 3414868417
3432274651 3431677223
3429820968 3429486170
3477862912 3477369799
3344328886 3343890464
146013447 145631480
3356810204 3356323726
3390327048 3389998679
112560161 112190159
3395338031 3394974582
3364878347 3364506046
135145605 134719275
3332878419 3332426286
3406614313 3406245710
3416529508 3416261433
3449336027 3449060874
3402076748 3401722729
3414896426 3414508734
3365030765 3364504892
3389951648 3389307745
3429140979 3428678672
3413862991 3413439731
131635000 131241195
3359966746 3359560537
3410561320 3410092056
3413101225 3411733211
3420359698 3419186017
3358341326 3358024372
3407312343 3406945129
119586779 119311703
125466011 125110664
121573868 121289223
127341441 127010192
3253754603 3253343773
3237158344 3236675931
3267382053 3266968469
3287980417 3287557151
3282147162 3281808306
149820206 149464176
141017524 140675239
120402386 119999125
143859239 143491671
154924966 154369404
147680397 147252909
3391053068 3390637209
3454001914 3453555540
3394136563 3393794420
3396475060 3396139614
3317924548 3317534820
3312037526 3311661000
95183522 94881399
126788865 126429774
3227226255 3226727588
124917853 124578921
3229070646 3228660587
3307957319 3307593108
3373585527 3373136012
132871292 132498205
3450992738 3450541757
3442819359 3440186876
3438793056 3438354111
3433232543 3432869916
3440957449 3440669204
128333357 128047386
104236839 103186978
138394231 138125407
119480919 119185806
3375216562 3374880885
110296817 109951689
3348277227 3344684210
151930104 151619856
3292489501 3292054572
112060432 111769132
3263982464 3263514787
140858681 140466307
3311704605 3311252499
3310390936 3309968816
145514458 145103248
3377363125 3376957100
3367655321 3367262682
164999212 161304446
3470215663 3469873777
113898981 113562329
3433097358 3432722988
3440699235 3440394780
118862336 118530143
116719257 116412310
3396587532 3396176015
112530073 112158323
3446361939 3445986686
146152994 145746950
132286536 131852020
3380771644 3380323863
3353893617 3353443585
3368843057 3368409946
3389047961 3388620019
125699881 125339304
153420379 153069441
147932771 147484847
3390907528 3390548494
3406092979 3405774236
3429083093 3428744411
3504995137 3504498195
125015449 124608337
3456284383 3455814672
106422161 106000984
3419165095 3418763093
3385398555 3384966906
131979744 131623065
127677908 127317145
92042561 91713908
137674244 137394084
125653170 125282826
139663219 139246838
115872960 115463540
137376723 136979484
152031840 151659838
134814024 134430934
3248714135 3248271766
135149441 134739355
3245343092 3244901728
3264823832 3264285780
3236895699 3236552536
134667944 134285188
3281658545 3281271849
3298370761 3297864009
97307402 97009609
145155744 144797543
128078849 127766382
139814531 139435978
138002529 137688348
3327682517 3327173374
158908670 158486002
3313253177 3312834019
3354164756 3353762645
3347885193 3347497343
3363497210 3363070672
3438514383 3438025578
3472555975 3472124689
3489789042 3489423412
3459929597 3459556379
3457302750 3456976615
119930534 119581979
147564594 147099479
3478152669 3477701885
3487600164 3487138324
129540513 129214087
133493297 133126911
111157956 110786437
3442285078 3441918259
3422048247 3421490768
135404709 135056874
3375787665 3375391173
144196645 143870181
145567631 145198424
134464292 134136344
156597505 156191134
3312949152 3312518847
3324773709 3324373180
3369428456 3368829797
3309994245 3309547113
116498957 116134591
3304134045 3303723420
128720359 128330587
153662164 153273514
3388872017 3388410035
3380932994 3380539762
139697303 139272454
3471604724 3471100508
153291868 152915029
3439270081 3438860201
132594813 132183402
3431166217 3430718783
3430748130 3430314250
127692417 127270773
121888531 121521154
3428905200 3428452935
3423550894 3423258373
107661983 107212094
3390029036 3389406524
138221595 137866560
3351150042 3350764195
147353499 146988726
3400345264 3399933229
145369551 144959428
3366322772 3365884784
3385456233 3385019390
152123196 151714675
3362435247 3361967149
3409698973 3409252852
106378215 106072140
3432843590 3432450496
3514877890 3514432620
3453952595 3453574182
136265406 135926042
3397210331 3396810027
129702809 129372664
135844647 135492421
3412566130 3412197831
108264897 107953647
122543770 122140762
3371795380 3371371969
3363684411 3363258195
3432516336 3432090882
3400640277 3400230844
3411088637 3410724035
105820184 105478718
121111416 120707566
136944405 136608723
3407803807 3407391052
123437164 123026907
3454783331 3454443251
3463509498 3463175203
3424268261 3423888269
139611807 139310209
3404282895 3403937074
100509842 100220726
115030618 114720681
3381974293 3381541595
3384427992 3384011747
146570142 146240253
122232844 121775712
3387306940 3386888795
3373791295 3373350714
126488990 126136088
3408769473 3408350873
128988229 128547033
119545325 119156744
148307179 147814852
3441504575 3441059940
142613493 142264007
3428851899 3428521652
3433182589 3432798115
3412262751 3411915970
134210894 133880399
3461945724 3461390666
3408634093 3408222009
3434093414 3433671029
126394840 126034969
152476875 152088472
132129530 131718360
3377372528 3376964627
3391008537 3390642479
152938248 152605266
145295829 144919285
150521060 150137500
128335842 127974588
134169038 133771121
3379736567 3379371306
3359217762 3358893201
3396135330 3395699782
137956059 137639928
3398653748 3398325252
3403794666 3403445727
3368461069 3368019569
95221230 94935008
105859326 105555368
137251873 136808268
3391298560 3390900947
139798796 139437777
3346114040 3345536215
134123214 133755508
126291875 125860997
138572193 138170017
3383660073 3383292061
136511894 136163201
3391067999 3390697352
3364150351 3363781684
128362420 127953113
3404226184 3403838194
3396903159 3396597777
3392013695 3391592133
3390815409 3390456626
116008311 115652855
125171644 124813241
3366557985 3366144434
132665657 132255958
147569400 147086153
3356128058 3355772913
145007319 144662649
123860851 123545574
134237454 133848150
3365474629 3365004128
126978186 126496768
3367707555 3367278749
3398367164 3397929136
119356682 119002625
3412435899 3412025033
3417533907 3417210895
3431469955 3431109216
127630434 127338917
114560850 114261187
3403484033 3403118812
3376344813 3375994472
143028868 142645229
135987191 135604630
113013983 112610992
3389079050 3388653028
3408252652 3407814016
3429739469 3429278454
3424649481 3424259023
3424185645 3423865882
144354228 144022403
3468191156 3467848411
3495817699 3495379299
3499214912 3498860327
132230275 131780210
3521425369 3521048514
128248805 127901310
3471047775 3470625070
152362341 152016914
138939226 138609753
137679693 137276336
3419385573 3418946265
3430820306 3430341349
3437636538 3437181453
3422618599 3422196724
3414098569 3413624696
3405644813 3405186133
3406710680 3406303830
145893801 145483655
119734417 119328016
3485938269 3485555839
3526394382 3525996140
3502222515 3501836233
3510004658 3509577768
3479310353 3478867436
144502948 144039928
3468177428 3467772205
146585566 146174059
3496894362 3496538896
3469029544 3468645217
3483351347 3482980544
118753666 118407620
141433051 141128384
120985566 120648409
142503651 142135729
3466912816 3466456594
3470473399 3470051391
118541657 118157755
3426941676 3426535868
147972236 147629319
115761726 115409538
3491456241 3491026403
3405508891 3405141442
123001686 122710087
130137670 129837129
112466103 112179757
127368202 127031682
102279694 101980521
112527964 112188486
126671296 126357271
3319642298 3319268821
141861879 141500353
142860117 142524014
3289563988 3289161946
3308806823 3308455792
121763043 121411030
127787119 127440769
3240990856 3240577853
3268712218 3268314953
146101194 145741754
158707464 158351068
125711200 125342573
3241007114 3240620877
116130313 115783018
138681287 138341948
117185927 116798445
3311118556 3310794892
3415372206 3414951143
3371386187 3371078349
161800199 161389307
3421739171 3421347776
3414149998 3413788642
3507018662 3506571744
3447866000 3447414114
3478477628 3478012529
3522597349 3521762913
3524811491 3524430229
3511943384 3511567189
108840965 108489198
150762111 150428716
130379805 129969177
162308355 161877029
125767106 125420124
3491460938 3491087247
131040739 130670895
3467081757 3466691128
179528643 179161373
3457092035 3456652237
104029712 103623254
122416067 121992637
3461224999 3460807632
3426940291 3426560967
133453382 133091339
105113393 104786466
110790933 110358343
3368639042 3368245785
3352123795 3351650370
3401371322 3401001334
3372401751 3371945300
3403894570 3403446301
3494319363 3493939420
3520407341 3520050821
3511728178 3511410726
3487001273 3486548192
3455060572 3454607898
3464783323 3464366416
123235838 118288613
126536505 126263134
110361467 109250779
146913303 146518757
137571699 137156600
144190763 143781296
3356842083 3356408248
117933642 117610443
120389520 120018992
125916694 125538549
123365167 122965253
3278742969 3278355956
3309621783 3309196429
3265638793 3265258820
120836446 120515872
155087886 154647615
3337397938 3337021709
3364356438 3363281805
99114348 98745400
3376616373 3376284760
3400173522 3399846124
3341040086 3340673148
3378976594 3378544945
130917285 130471002
121947768 121479179
3388199643 3387771738
3402733221 3402433112
111123001 110796111
177239390 176916801
118374978 117949515
3364301124 3363878911
106821963 106504999
128465359 128103900
3329406664 3326816743
120712347 120298282
135620067 135248441
3352046967 3351635884
115643241 115236034
3344015032 3343609047
3361612556 3361151079
3340617719 3340283111
3330499478 3329481330
127136800 126813400
134076614 133771294
135719413 135418361
121887836 121585487
147965861 147668757
138115879 137651606
3246842463 3246397083
148226897 147799121
3255598014 3255172151
3264012157 3263620430
112066793 111710108
118978819 118588051
3233173701 3232738740
165356458 165055500
117070509 116638924
3237773682 3237368939
3275894712 3275518944
3319815232 3319403776
3333317394 3332785298
151304477 150898165
3350812411 3350412607
117649139 117071706
3329637371 3329217694
132140276 131746368
3404304724 3403917627
137369654 136960407
3413790265 3413356433
3424180218 3423826996
3433719426 3433352180
136329516 135921127
124376023 123976946
3402683468 3402285466
3449987660 3449596550
3390719818 3390298111
3476548240 3476096046
3498881649 3498349353
102554667 102124357
3433889847 3433454113
126599290 126202719
118962225 118522021
3402588944 3402121156
3459633488 3459236639
3454573806 3454128704
3434326596 3433687243
148912800 148579721
3477487440 3477091660
3469671397 3469185934
3487482202 3486808699
122264987 121623544
121017718 120619317
107412892 107085102
129116340 128701583
134810181 134457628
3397995852 3397551507
131785125 131373958
145784905 145355450
3389815579 3389357008
3368927288 3368185715
144969438 144488624
142138879 141720978
144926396 144449922
119749971 119342142
3322873339 3322440612
118138875 117723775
136151578 135088721
3299985138 3299153658
3291526800 3291150459
130029071 129677100
3295255329 3294714732
3275208547 3274709556
148799361 148506019
119670960 119296167
3318378994 3317954390
3318266976 3317844192
140617515 140232597
145577406 145221292
140548156 140258771
3402753314 3402281044
3295040595 3294650526
134642585 134290238
128600569 128301372
129630587 129296003
131560899 131153946
118635570 118330370
108406520 107989140
146882381 146524789
161019991 160637070
3251497775 3251094573
121450140 121024904
3273975796 3273564628
3259782997 3259455326
3300905117 3300481656
3282941704 3282603725
3270242788 3269809574
3369088702 3368649377
3445432372 3444996091
3459467458 3459064887
3457921642 3457493012
3454552048 3454149210
140645212 140207655
3475859839 3475431090
3490684943 3490312000
128873065 128512729
3462060660 3461673765
3452225829 3451896659
3458591046 3458054699
147639039 147320497
154001002 153620152
3418106912 3417653577
138231803 137817041
3418188607 3417710183
3403394945 3403018472
137871805 137523136
3406603823 3406174679
3434014552 3433541072
3459191706 3458745666
3473410737 3473041239
3495694969 3495247117
3479467835 3479012884
158370480 157969983
3452641971 3452175638
3535878964 3535461038
3501758855 3501275517
3499607915 3499178927
129616515 129239106
146001328 145609587
3470855041 3470465725
3493645346 3493182041
3476386221 3476075421
3486415186 3486002205
114351997 114044366
3471855783 3471485332
126095998 125745449
3514102432 3513571143
3469305306 3468994688
126782954 126435754
153395124 152998159
3462530188 3462125529
3418764392 3418309895
144727510 144378612
132845435 132454495
3419515621 3419079059
3366724034 3366237663
169586475 169278925
3386520207 3386073212
3411438311 3410956235
131710769 131373588
3399895163 3399564445
118951296 118647762
130416788 130085571
3406478970 3406112888
141227475 140946051
112674797 112382337
3369768585 3369391385
124390477 124034373
128190233 127909339
3351914226 3351462865
3355432487 3354978217
143971164 143558176
3394686584 3394311081
3390950246 3390567484
108214582 107819190
3425990187 3425647074
3439382900 3438950850
3470021999 3469614979
3505568470 3505204963
3514838889 3514468794
3525133858 3524800783
3523324836 3522889354
3531471597 3531027009
3586090944 3585626879
3528254399 3527838637
3509603748 3509209124
145677398 145365165
121214591 120868217
3477850241 3477438796
3490862872 3490439886
149755162 149418676
166319432 165960088
3449187420 3448814681
3438545293 3438127880
3441232629 3440871728
131437876 131092699
127162784 126804386
3406018310 3405619397
154484595 154089401
3376826873 3376342907
3395120079 3394707101
3411990523 3411596646
3449627639 3449225845
127092651 126728885
120363023 119942143
3420808517 3419564042
3434166269 3433766761
3452843531 3452423978
3452977629 3452652529
108155093 107806764
3452821569 3452510668
130623183 130245838
3459016800 3458620092
143341576 142973816
126611776 126206113
3477545107 3477001192
3421487505 3420993780
3513742139 3513297495
3471122510 3470696656
3453624228 3453181583
122457888 122044456
108937393 108541800
3491417411 3490880387
114098062 113767726
3458827886 3458440414
119182798 118817046
3419169705 3418790165
126521891 126213040
129857570 129514353
3378786234 3378386779
141429747 141034381
127959774 127624595
108691739 108292411
120422521 120029565
120905074 120517190
136036543 135692449
3291170688 3290766664
117659298 117302178
119867134 119541374
112379632 109954403
3234645144 3234189327
145096512 144689120
3245119699 3244733084
3278070040 3277626701
3255150902 3254772293
138973517 138585114
3240254252 3239877308
139113007 138714805
3372574751 3372130391
3424972593 3424413636
3479347712 3478964199
3456724046 3456361428
134806428 134449397
3403674874 3403314241
130999535 130639736
146601070 145904608
3410470455 3410018866
3396373223 3395995300
3421193676 3420738944
3408163441 3407784839
138646106 138266186
3433804692 3433375141
142804705 142398182
135985610 135570321
3397397986 3397010980
118240315 117855282
129084196 128691132
3459434601 3459005169
3464925394 3464563224
3409222409 3408883336
3434576240 3434220599
137662837 137325908
117411706 117101712
3418949729 3418544857
118440955 118171692
139992842 139634249
3381952546 3381550503
112906622 112643141
150262202 149981789
127397215 127034736
137547868 137144609
3317042005 3316614907
118917091 118466909
3316316942 3315929427
137698724 137375673
120796130 120442609
3322394564 3321993993
130096613 129675612
3319658589 3319272415
3403888104 3403503407
3441931439 3441574562
115775657 115429381
3456679709 3456296681
3463852777 3463491571
3455531594 3455242207
124093566 123792250
3430833508 3430405789
152485137 152094975
141461658 141066976
3458481219 3458062682
3430542903 3430124673
3469980180 3469545465
3462366271 3461899015
132952551 132512479
156850527 156492621
147905591 147597641
3465552608 3464955371
3472904321 3472566681
3448531436 3448191752
149228180 148855103
3454208633 3453803466
143181547 142783690
128524609 128225707
3464514240 3464127191
123236829 122919625
3411507731 3411076156
3436355597 3435940837
120299281 119947574
3444461244 3444070014
3464967729 3464541308
3433165461 3432789737
3459782982 3459362882
3430394720 3430055268
120721144 120377813
3448284193 3447864822
3472895543 3472567083
134669270 134328304
3447087159 3446717265
3482548638 3482111959
3478060643 3477745503
3465583219 3465206441
131651636 131369735
136707762 136335337
3444652129 3444273872
3449646308 3449271413
124119035 123732525
3434769435 3434396596
129404608 129086997
3508826321 3508316465
125391928 125010226
3449896428 3449496267
3440070912 3439650528
3455546371 3455241807
131506283 131178135
117017430 116638708
3475824506 3475260466
3464547967 3464182638
3421469615 3421087016
3448377614 3447865252
3454972838 3454570825
3487131363 3486750770
3495534552 3495151706
121010820 120689047
138903294 138519755
3499081144 3498739423
3487714506 3487359145
3506217880 3505842421
135004729 134539856
3499088318 3498579314
3474219230 3473784529
3498731386 3498309530
119618729 119272852
160275540 159799804
134708268 134367596
152766072 152353818
117761995 117382174
3435901185 3435524947
3439144845 3438685516
3460362334 3459999490
141360693 140994695
3486691159 3486206809
3408523955 3408116620
3447794000 3447388424
3446384918 3445960040
3434037503 3433579030
3498015250 3497619438
3517638407 3517185020
3518149224 3517652282
147597053 147225852
110667316 110333767
134791056 134423153
3479269376 3478942171
3473154094 3472662272
3534430105 3534068962
130245891 129855249
3503262965 3502894604
3477896801 3477588466
149155536 148634486
3420395678 3420068652
150782955 150379751
3448642515 3448284059
150794006 150455195
107430312 107028625
134811372 134468532
139301232 138903880
3382417117 3381990293
3415284414 3414822532
3446288503 3445741932
3411875776 3411436541
158957280 158656879
139071729 138595692
3427443113 3427077966
3415197295 3414721573
3406057300 3405641948
3474116829 3473739306
122403654 121985281
3483036063 3482618120
3483818354 3483388900
126124957 125770052
130257890 129947990
3430873901 3430498122
121098746 120820513
122552571 122227280
147014119 146669906
137574283 137211413
122279020 121914388
3368654917 3368208270
3366701816 3366252779
3380809368 3380303402
130122790 129738914
3401958027 3401605954
3373299590 3372961265
3366281977 3365968598
151598568 151214868
145065848 144778737
120785964 120407468
145472991 145052707
136500800 136115972
3404670655 3404185907
3408260455 3407768309
3459877173 3459428931
3399540771 3399140518
132418844 131996301
3421358803 3421000332
142439660 142041334
3467678631 3467140208
3396615063 3396270285
3397608451 3397279661
122607483 122250041
145553153 145260939
115824575 115465736
3394538936 3394234140
152222714 151906106
121055868 120748313
160603088 160330842
101522710 101208752
145312291 144989787
3319198567 3318787268
133814002 133535202
135647207 135284519
3288380376 3288026309
118114419 117770170
3235033176 3234660370
117669738 117394774
142032941 141657002
122886530 122543982
3176837940 3176519813
115434443 115065433
3196097207 3195717399
136403000 135971041
3165524924 3165070982
160830077 160514764
105291428 104921793
130477533 130102919
3239776301 3239396092
3221223405 3220766066
154941449 154546856
3304620648 3304227566
3324851794 3324529169
3342568697 3342198611
130512056 130186022
123738931 123331730
3327802673 3327383327
3340230043 3337845355
113698866 113380743
3357901954 3357517427
113498514 113178978
122454639 122104570
3377624936 3377199822
3351560136 3351124157
3404462970 3403977626
135962819 135556885
3442236277 3441825825
117993552 117646875
137316163 136959863
3439842414 3439393106
114692941 114320112
3389304753 3388962428
143364927 142944456
3415886689 3415521064
131843177 131471087
130389016 130081071
3424377821 3424017081
151638354 151347851
3390652946 3390230930
140912347 140572044
135014840 134753766
3381886555 3381473189
126714719 126458850
3320201483 3318691658
129664164 129388544
3355730903 3355269950
121483314 121121363
137988576 137566420
3326606026 3326173792
131416462 131008927
3336143018 3335731973
135043667 134700253
106623805 106255649
156241326 155835228
3366919111 3366599181
3390181762 3389816360
157164291 156803891
3406717674 3406296668
3433831444 3433523282
3434269432 3433882914
3432813591 3432481891
141613239 141281611
3448936448 3448500094
3428518788 3428085740
140299872 139872953
3454193071 3453749382
3462097957 3461719086
118881732 118462706
3465598572 3465182470
3471011779 3470664886
111187997 110730739
3450124518 3449744142
3456770306 3456426600
137444784 137091342
124444685 124058158
3426552440 3426085879
3391182971 3390806178
3415371328 3414993033
91223490 90819016
128517293 128194556
104311100 103888214
149201790 148783252
120331796 119930183
148472745 148121375
3347317638 3346884806
125157336 124745721
154645244 154204268
3299566605 3299195025
104234912 103869648
111911870 111569202
3325909903 3325387507
3284850424 3284528072
3310516940 3310068026
129804260 129530068
112485779 112138204
3327361256 3326977077
3341772658 3341375268
139313759 138940800
3356934981 3356531057
141732967 141356956
3379251203 3378795359
3457616076 3457071824
3439717194 3439272852
3428363886 3427952747
159540518 159190896
3453440053 3452988303
121554954 121042528
3471435619 3470973523
142851089 142511930
3466269605 3465925017
3471572033 3471274760
3463981820 3463608331
117764254 117490399
146183986 145886849
3460623683 3460173174
3423239070 3422805639
3405093274 3404655733
3438815010 3438407970
3398999515 3398501213
127266621 126923816
117782857 117411550
3439831950 3439378164
3462116292 3461691784
140070920 139655952
3486457388 3486039923
3485826027 3485537605
3477708822 3477378090
3459558211 3459133340
132759264 132379192
3422369764 3421908238
3471540346 3471043856
128704130 128290654
146069068 145659752
3470179368 3469753317
3462022080 3461634286
3445233036 3444833686
142132587 141771003
3460269925 3459896395
3502346397 3502040864
3502160391 3501857820
3489006579 3488592925
3486795426 3486473194
120338322 120062070
128894408 128552231
120682482 120406350
3366870272 3366502077
134690056 134337619
108932525 108672327
138852716 138543022
143061971 142609507
3326123084 3325682504
3322899031 3322434549
3308774999 3308251853
134493719 134146438
142776530 142386355
3323197023 3322757254
143713264 143346362
3463908328 3463475297
3461020476 3460652528
3462653277 3462348793
111584511 111207904
3499957054 3499650922
3477729435 3477399520
3477793513 3477368037
119248385 118992917
118161550 117806397
146591860 146276343
3399488075 3399054664
127387702 127021107
3393005574 3392596375
3411241813 3410827173
3434187801 3433814360
121597791 121200732
3442716863 3442208010
3449239379 3448812213
3475154946 3474795598
3472174924 3469859127
117145200 116788062
3506308935 3505921945
3586767784 3586332951
3479745838 3479379147
138568269 138206839
145461608 145167532
138131514 137707565
3443140576 3442718623
131954701 131545298
138793015 138456190
3395220448 3394768250
114464466 114058301
3453551676 3453069908
3428619713 3428215593
3427657478 3427279669
130568145 130254758
3445700128 3445217881
105987132 105651794
3398668092 3398237794
160369213 160047570
3383446027 3383041429
122877165 122480655
3430489447 3430061751
138895503 138477700
3412711050 3412290984
3477565170 3476998396
3438649536 3438171984
3420549597 3420138771
129997003 129639389
3470827070 3470420303
3456225866 3455861187
3473755365 3473346032
3449095176 3448658528
178682438 178359982
127739469 127339718
3426290252 3425868938
148609079 148213689
3525363127 3524812890
3481265340 3480839669
3478485075 3478040883
3479957500 3479511104
3578456524 3577968381
3498937583 3498499042
3503306846 3502902849
128757783 128403535
3486412971 3485998649
126854126 126506142
150334153 149930139
3495528679 3495076469
135767129 135223189
3490545667 3490137436
128169345 127770723
3444021565 3443613898
140101684 139706132
111598783 111280496
3455927192 3455487877
3432025677 3431606323
154266293 153857033
3400242546 3399804159
3404732423 3404369643
3456613292 3456152313
3417897038 3417519360
136534681 136126649
3446855496 3446463547
125136829 124787670
3436614881 3436237941
132081715 131647051
3481684980 3481171270
3484176853 3483777816
3484338643 3483914786
146388041 145971827
110845998 110449311
3424946201 3424525749
128705795 128334185
3428152946 3427708412
3432305505 3431998016
116141324 115829653
147402942 147063752
3412807734 3412457827
3412640355 3412281715
138062950 137655393
3415780478 3415350075
3393823187 3393390997
153009374 152592452
3405431688 3404970629
147582709 147185654
3405201237 3404800224
144527154 144205544
111347466 110987793
3389626772 3389259255
3356703451 3356369858
145907363 145614431
143260775 142930100
3365881798 3365360721
3342042697 3341731484
151060855 150647667
106020372 105630616
3327100041 3326577122
3336684436 3336206524
3341997533 3341535071
148888513 148455861
126875477 126477147
3418223169 3417806160
3486678127 3486340921
3489949514 3489500262
3469387446 3469088688
130827842 130415157
3483375516 3482990434
139965489 139648726
135233264 134832519
3485877843 3485463104
3443586763 3443137928
134017663 133598137
3440212800 3439775049
3426186447 3425699370
113986433 113573259
138745999 138365205
3406140035 3405673909
3406409425 3405957412
3445104612 3444685334
100679740 100306115
145639764 145230591
3459415595 3458995326
3426919046 3426109664
137408371 137024327
3435738202 3435361265
139087672 138792311
3378363234 3378002455
139097977 138698666
120106699 119832510
134776481 134458810
3403110331 3402701472
3445677010 3445137496
3370463471 3370058304
128991976 128649270
109285342 108972652
126883093 126492131
3373316815 3372861744
3360159267 3359720222
3432886432 3432523459
145193283 144794708
3466802552 3466433994
3440440327 3440070978
124318573 124020080
3448112678 3447679807
121730419 121309845
3410629518 3410245361
153909484 153350290
3382117262 3381765448
3400300612 3399871391
3350878827 3350448909
3317100849 3316749170
3295338272 3294878308
3381186894 3380784935
3372699117 3372312217
3378656309 3378258522
122327284 121995929
3331686455 3331274594
142441994 142014024
3364041439 3363595753
3394467976 3394005174
150501256 150062134
3453405223 3452984603
3433091246 3432759936
124397611 123967306
3443053053 3442722740
137125680 136748015
117456339 116949572
3369841867 3369409874
126403350 126060558
3398609291 3398200229
3387050863 3386637024
3405548688 3405128536
3370911753 3370428759
3415929911 3415449713
147467462 147104824
3437450658 3437015569
3529399002 3528932378
123633428 123284009
3457755333 3457292624
3452507891 3452098935
3467486901 3467089455
123749613 123361424
131737094 131364302
123659553 123270516
137920969 137549311
136222009 135831070
3406311357 3405985597
3380166878 3379722002
3391894661 3391590751
149577130 149102339
3370901361 3370488932
3377550167 3377121173
3419473053 3418970105
3428615934 3428233641
3426925174 3426545678
3480375226 3479909791
117772971 117354068
3512566192 3512179239
3525207338 3524822505
3518863337 3518289271
3472739766 3472232392
3512255302 3511808312
3500230255 3499885760
138412851 138027908
3494158342 3493709160
3510961012 3510585236
3508442908 3508040639
115633693 115275985
137300080 136921927
116087817 115712923
3506547404 3506135861
3459936579 3459565610
3486053601 3485720844
3439335151 3438966690
3443393272 3442950620
138975410 138675179
3445282648 3444825958
3458002648 3457525430
124104491 123693873
3496604884 3496247766
3505191008 3504787258
3506042263 3505641458
135378208 135007783
3483146876 3482736034
3495595302 3495153286
3498450027 3498126135
133779793 133474438
3494019813 3493681249
3474098941 3473796127
3388540848 3388180428
145780367 145341187
3414219148 3413716530
3431893793 3431431332
3437860320 3437449122
138742254 138312556
114435618 114107101
3423377373 3422762889
3478671218 3478241366
3455346304 3454944267
3543526156 3543098579
3546108956 3543838242
3486036298 3485279561
3492617495 3492163823
135590537 135260947
148860033 148456511
3447886405 3447451305
125345936 125010095
3458878572 3458472301
3474104623 3473766238
3480083921 3479615762
3490427699 3489923852
3480994643 3480612331
136980784 136597489
125683383 125357892
3535284030 3534838285
137675403 137386416
3476591806 3476268421
3464361245 3463933877
145397691 144992933
127830847 127548017
138305454 137992387
3423866989 3423424982
3428107960 3427698452
108469532 108081071
124283672 123975309
3375951421 3375431848
3415971554 3415613478
121680173 121261803
3400399609 3400008447
3443512008 3443050830
3487404716 3487026769
3522274265 3521798999
3523580545 3523236150
3482826742 3482476681
133436277 133066987
3455934616 3455558599
129770256 129347943
3444554284 3444199335
123668299 123286720
127865209 127438120
153633226 153250774
3458603845 3458141466
3453006514 3452700951
3407696887 3407404418
122104319 121693878
3417311312 3416817592
3434104908 3433662810
117632026 117210545
3426490710 3426143716
3466553002 3466217649
142322455 141929039
137833452 137465837
3421580556 3421191003
3425887426 3425565382
3454163805 3453720884
3487747628 3487296102
3497042185 3496738620
3460467115 3460074372
105857372 105495682
132217706 131848537
126652602 126335521
112357125 112076699
129990181 129687004
3370127935 3369639972
128692215 127380845
3402501250 3402042904
3414227866 3413829221
3386617410 3386242008
3420765313 3420359249
3379945981 3377587307
2857126856 2856670964
2375656371 2375250733
2321447297 2321117981
2334139991 2333817963
1813771801 1813342141
