45565640 45077346
93058076 92400736
477217066 476007358
130417937 129716892
133020150 132404055
147706864 145463703
2495921482 2495220756
4124864185 4107456573
3664833295 3664240895
3639737145 3639181065
3622887853 3621594634
113022644 112058867
113155660 111608344
124757190 124413893
155365233 154092863
167291019 166639898
3526925977 3525875533
131437574 130837012
144025171 143408554
148842207 148320413
123256260 122628824
3575355239 3574759849
3562058433 3561518534
3565383750 3564702090
3552137368 3551528856
272615981 271326589
3703845684 3701938964
141733489 141062812
3720362597 3719837204
3731613490 3730272531
147949382 147514012
122357895 121684408
118056512 117678028
3819467364 3818823386
3698942441 3698328140
3553274470 3552668765
3520913549 3520302056
3530731505 3530250060
3598199444 3596943382
3528524059 3527883565
3552066374 3551570219
3521716541 3521176704
107969745 107525900
120032669 119521558
120554130 120006132
3479295882 3478702632
3507182539 3506563090
3495781724 3495373698
116911956 116230467
124162472 122846236
128863083 127365033
118006319 117569876
142483417 141905040
138825778 137415748
155908056 153653445
123424711 121770780
148993396 147503754
3428950005 3428444766
3465586878 3465010078
3433801162 3433294265
114597151 114070552
3324120076 3323588586
152782598 152214900
135284030 134606319
3400087160 3399443510
3440710124 3440113120
3443574894 3442363459
140774626 140181359
3525923225 3525432867
3568514954 3548251944
114833708 114170953
151186057 150562589
3487078353 3486465067
3493795365 3492375885
3462607984 3461975354
143068924 141389407
3481439436 3480875605
3494662442 3494273572
158159462 157673531
3551764253 3551175122
3525729781 3525112327
214777435 214293859
164338206 163216167
171270061 170715260
3839333998 3838653759
3939709566 3937669417
3932814243 3932485585
3917451670 3916928701
3740058474 3739468531
3630795500 3630220320
3638585073 3638003550
135600847 134978260
3499307276 3498814517
3510568863 3508916235
3462338075 3461897557
3506871372 3506251136
3494305510 3493737091
114350341 113742510
146651488 145902202
134404653 133737030
3467875507 3467249397
127274947 126011367
119904891 119279241
124587319 122829089
3483539052 3482968377
3522450942 3522055138
3462604005 3461923055
177189495 175977305
147750848 146473218
107470227 106262805
126800407 126202223
3416540179 3416034734
125809592 125191642
3441107689 3439846288
3425725113 3424449875
143710898 142386094
127787606 127355450
134976955 133724217
132875493 132311550
3404163631 3402894885
147727110 147378314
3450588303 3450062336
3498279527 3497721362
118880942 118242891
142386407 141824663
3479508130 3477879049
149379490 148825128
139291983 138680135
3479660946 3479066607
137068862 136552387
3492367465 3490193761
3464389554 3462909297
179005355 178633324
3415046125 3413654974
208127507 207610114
176673685 176223116
118022065 117529387
102530015 101924547
136542498 135985511
3416425232 3415854568
3423278946 3422049599
124379815 123939519
152588304 151132418
3440141935 3439605797
139828115 139289807
126725344 126148526
3498861552 3497345348
123135718 121824289
3475619205 3475073090
3516118314 3515544133
3490890471 3489719751
3513261333 3503951838
3486301884 3485739504
3480900397 3480311837
3518012012 3517440084
101052690 100444053
109955769 108767614
3421264082 3420681939
108753613 108135507
123166232 122557968
107387316 106907101
3392699424 3392124227
109396764 108665866
182640051 181976215
3372647195 3371236998
145101424 143743173
148219135 147622526
138188883 137657929
3262293857 3261649754
3297068995 3296492707
120688564 119063144
121274131 119922093
113803826 113192807
3387652954 3387075581
3421945787 3420718411
110383695 109846814
171634807 170503374
107600097 106215634
3395244228 3394322009
146113271 145466664
3392105545 3390588733
152766932 152252704
129492894 127947235
123366193 122032295
3367187049 3365625966
120420156 119861207
3420723777 3420180151
164167471 162590294
137286630 136015250
3552706882 3552038751
3531753392 3530727116
114453370 113917912
133495893 132160723
3607327632 3606723126
3571010508 3570560349
3561599968 3561004995
3474076933 3473499025
3408615844 3408025738
3428260898 3426923672
3435240492 3434691595
3453296029 3452840001
3447637363 3447030574
145251951 144844838
3554122678 3550751294
159303762 158719287
3490817813 3490382454
3493900843 3491925748
145991567 144509223
3492848529 3492398159
112945496 111550751
148196056 147482451
3472717772 3472287730
3476782217 3475849779
3471450905 3470873025
3452952250 3452398468
138352444 137441258
138592575 138059835
3502525156 3501936559
3471918361 3471514407
3493977871 3493484362
3472508317 3472098107
142806838 142100184
131332577 130716721
3485378055 3484860961
3455929314 3455376292
131926029 131293796
142782029 141436991
3447675412 3447163981
3462172917 3461732492
3454568169 3453369218
143491553 142978233
3419990894 3419445834
3527730365 3527137997
3476321235 3475758535
3530838510 3530340349
3525020812 3524560511
3505858910 3504460073
150735289 150247276
3540014841 3539337591
134867605 134283903
132547741 131952568
3551948910 3542777790
116891065 114600078
3477933764 3477343219
3441415116 3440978332
3494250132 3493693345
3472905764 3472426823
3512319233 3511729067
3524834704 3520673283
3495716268 3494379092
117421913 115901243
3369960062 3368323021
147366705 146744018
3316282286 3315161608
3340267797 3339024162
143042120 141783130
3329271669 3328636848
3391905742 3391178215
154224759 152681173
3521745263 3521150177
3520743789 3520132454
3511372651 3510103552
136631272 136092178
3549927624 3549312411
3459787039 3458966398
126422858 125823859
129046384 128428058
109247049 107802617
3584336675 3564408941
160586621 159607674
3525963222 3525401030
3455640627 3455164445
134680085 134047616
109323905 108874772
124096780 123703625
3394947869 3394471975
3385838582 3385477735
134366637 133906916
129811455 129265405
151449653 149203166
158914774 158384704
3309335386 3308764620
151195075 149390775
3488770924 3472779414
3531383023 3530316914
3497445443 3496948335
152473671 151597365
3492802638 3492289986
3525783160 3525173858
3512546907 3511229988
3559998368 3559335440
3555910082 3555380990
3577209286 3576781891
3565766229 3564285542
3514383180 3513778058
3501301596 3500715181
3574738234 3570374897
3548074129 3547526229
3581841017 3581286516
3547919219 3547324664
139088015 138613428
114393853 113256265
3549530350 3548923431
3496608122 3496047320
3493086795 3492458967
3473073989 3472510500
125562064 124011574
132187154 131789102
3478214526 3477657049
3430318984 3429712528
135302797 134879691
126013484 125631676
128979582 127938445
131574203 130723429
3424625377 3424163692
160362597 159811447
124748790 124123020
3474411322 3472654435
138308670 136858270
151417015 150799175
199226826 198690204
3499336768 3498797239
3550029359 3548970282
131135070 130541261
128742179 128392369
3526417291 3525957780
3514600049 3514200615
125049640 124525299
121243272 120865544
157367649 156960924
144916216 144452249
160184175 158888942
3435754871 3434344225
148526849 147899275
127565201 127033948
122415182 121138406
3366114670 3365657606
3420040665 3419468773
3459230494 3458742517
3498310136 3497836612
3478079195 3477490821
139709302 138314445
3490406102 3488890550
3488011625 3487618620
145614316 145135915
3539134711 3537224665
3516402963 3515110512
3562615980 3562108505
3499225681 3498649812
147793092 147243685
3462779273 3462133085
3505331802 3504752289
140785375 140181725
3408768734 3407140437
123198440 122549720
3451148595 3450581480
152074126 151428044
3512107396 3511589219
3478513021 3477906240
140415092 139909494
3477740635 3476431414
3536248378 3535695433
3555266438 3554689265
3551580494 3550951039
3590127902 3588761073
3574356073 3573809948
3535270031 3534641148
143014127 142356373
131122904 130528049
3521621016 3520221204
124495707 123968678
153755721 152170165
3481589505 3480997627
3467258863 3466710410
136106660 134619594
3477373845 3476863560
3430451367 3429908077
110753671 109408670
176214398 175836648
3430029350 3429459123
154911362 154265301
3438551903 3437243534
119841390 119382479
3522305643 3521698655
134979869 134384645
136843789 135464060
3496386343 3495184686
135800297 135145370
3543916869 3543251541
3516924947 3515543569
3494544188 3492989560
3512865340 3512361414
3545460680 3544896572
3611841535 3611180362
3572501998 3570942030
3553117976 3551733749
148120307 147527395
3572985914 3572356105
3577902161 3576567415
3569971801 3569406555
3550235143 3549653952
3547724774 3547145157
137649204 136244735
116762328 116198765
3473220234 3472674575
150311391 149728945
147734118 147111589
3430058110 3429309551
3403129531 3402648467
126855176 125530943
3495708517 3493506024
137576274 136934293
3600190631 3599669211
293664906 293262184
3621837282 3621343286
143949249 143604502
3652594128 3651228748
3611228611 3610637062
3643203964 3642614117
152278780 151732309
147338446 146872967
3544408881 3543799775
3585864322 3585190691
3571774617 3571369514
122863397 122404646
3544194089 3543613989
3609868852 3608513934
3571840151 3571271193
182629773 182072087
140452631 139811645
3708178375 3707198435
3647867309 3647317046
114744622 114303021
3553331162 3552741032
136482537 135864834
126480816 126156945
3548777685 3547253721
3535359187 3534799887
125185357 124587932
137055564 135792440
3404520157 3403917597
3580054986 3570476871
3544439335 3543979612
3552043643 3551619039
142018315 141479358
130929267 130302976
3529977585 3529538454
123924758 123467042
110155200 109593903
145825431 144407161
3495749598 3495193377
3503699270 3503122387
131158238 130628833
148358621 147099526
128802135 127509130
138835582 137405806
156020166 155413215
151171551 150584398
138188947 136763400
124124882 122681305
3468287598 3467107394
3387819621 3387236980
3360919096 3360357845
121457845 120184172
137014018 135706735
128919115 128306684
3316876426 3315401717
152720244 152119257
3330052975 3329445250
3366883614 3365478933
3486507177 3484937517
3476013502 3474753989
137094379 135267412
122677439 122156573
3551636003 3551099838
3516877088 3515396563
147102592 146653397
3514513226 3512978400
208724444 164427195
3479229808 3477653190
133097795 132443827
3529670160 3529087766
3533513301 3532948756
3510133513 3508775061
139661942 138198808
3484120417 3482947735
136063768 135510408
3471438009 3470827176
131150006 130520405
3461767703 3461179986
3489947220 3488583285
131420102 130078016
3526273370 3525255762
3509659297 3509303226
3455539102 3454961860
128943016 128482989
141411766 140062800
3441467926 3440049939
122188398 121580976
134518498 132802922
119174789 118566698
3435490572 3434930057
148932989 148404396
143203739 142684314
3463380988 3462784486
3693226030 3690705809
3727953020 3727551950
113788742 113168853
149967989 149422529
128238312 127669736
3708744769 3708192827
139972039 139568366
144233913 143597637
3699050246 3698407832
3741211844 3739703209
3701128789 3699914891
3571372597 3570822255
3534660119 3533385991
3528585185 3527068344
151650166 150915338
128843599 128363596
141388507 140918720
3490674867 3489163201
140561008 139942801
3496676311 3496172695
3512005268 3511444189
3543128225 3542603133
116926592 116253239
3574718980 3574171390
136329848 135859881
3560767461 3560239944
121304578 120664018
3562919017 3561588572
3559952968 3558212508
3543944840 3543384104
3510521723 3509914717
3509243278 3508685456
3551936564 3550316387
3501473568 3500879594
3528630131 3528097054
3539901829 3539314163
93707316 93220095
159444564 158899351
3475064949 3473265923
3508844763 3508289912
145186015 144550881
3508226968 3507618668
147564184 147165245
3455699814 3455113797
151707684 151094631
148376833 146755333
3480891647 3479539090
3472040862 3471567186
106106740 105615890
127617225 127000260
118682814 117353685
98688036 97344697
3348545710 3347936645
139346815 138744265
3371273004 3370830405
3391332644 3390966605
123298704 122045458
3433306680 3432725657
159732104 158024277
3512377948 3511149903
3491033896 3490494489
143538201 143150245
3565348765 3564643692
3500896359 3498269000
126186720 124638475
3444132389 3442984944
125232632 124678214
124391665 123793742
123204777 121768246
3468329001 3467008571
3522929274 3522472094
3466433376 3465966941
127243147 125896879
104961795 103600928
106191788 105483229
3553871058 3553308611
3532475060 3532120614
3546692685 3545241763
3600467125 3600015662
3608915220 3608489285
4101910358 4101236617
136311230 135706737
149872373 149254149
144840785 144243425
108143322 107518646
3953004900 3952423142
3950590290 3950231242
134349341 133259952
116426533 115307177
3890391387 3889158943
4081652203 4081149479
4098124100 4097661913
146806005 146296801
3692546473 3691979089
139032228 138462579
3690920962 3690287626
3728219542 3726864301
3589297109 3588667358
138668748 137260152
3461330229 3460782656
3445328203 3444738093
3486195106 3484805383
3514323204 3513666564
3444335505 3443728304
105498905 105066844
3402460568 3401404906
116189396 115162721
185423040 184959343
135382897 135058879
140489002 139964424
158428099 157996583
3396511411 3395979512
130023533 129403638
3402789098 3402368959
3731495143 3704911203
3522378486 3521819030
3484939806 3484557465
145681151 144447245
3530459940 3529992732
3466625826 3465982127
3472835382 3471750810
3700635620 3667458336
3643989763 3643431351
151381059 150792635
3566368214 3565871373
3570316204 3569724307
3557002833 3556541276
3527295351 3526942183
144294055 143752953
128382791 127856853
3584579636 3564824485
164764495 163862060
3581517506 3581201935
3490275559 3489741909
3488091438 3487598982
3452552155 3452222918
3465816268 3465387686
85124338 84760286
127633892 127217481
120011292 119413109
136403854 135694429
149893210 149357789
7320056190 7234008633
7400975785 7318105013
7514290280 7425100380
7330014781 7242962851
7228069639 7133239053
6387887011 6386719864
153082157 152702170
157646000 157198936
165596590 164856320
145677903 145153513
153349711 152913886
139205015 138740361
159945890 159542117
3484530694 3483849795
3486959525 3467658709
3450455200 3448589317
3381635072 3381105451
147950631 146438958
97777509 97307283
3418991574 3418485755
3443263661 3442819992
149012564 148404967
5398777135 5373251026
5441105270 5439970418
5379935559 5378644059
123034980 121785147
136310136 134971337
5296094380 5295633068
147186600 146646612
146856896 146435409
148163794 147331335
5228267928 5227840582
127160331 126626978
5188158665 5185872726
125046587 124384133
128237796 127202376
136547354 135906030
3532957530 3525145280
154337271 153414177
3499040378 3498235248
3533551511 3531029247
3505538324 3505099361
134969212 133825994
3388826039 3388228445
3435065815 3434430595
148578513 148036896
3487238703 3480780742
3475697038 3474765754
3564129260 3563599426
125430471 124763427
138056106 137585177
3546237368 3545213500
3457610120 3457027725
150866085 150161581
140338446 139870075
122633212 121426854
3418998196 3418436761
3534303368 3532729216
3517046824 3516500141
3520799763 3520331538
131590038 130683451
148275118 147711284
3540513801 3539954295
112229576 111794987
3495055684 3494622321
3547240739 3546767518
129390897 128850877
118805672 118423036
3483665606 3482178148
3511586554 3511162114
3513172777 3512586823
3458988067 3458439657
3512865391 3512267646
3504436094 3503990169
120491924 118053631
144104016 143607786
3537195751 3536602938
3532326150 3531809134
134742573 134165722
3488380344 3487820642
3510705545 3509332454
3680141379 3679553742
3719301705 3718491321
158046644 156910528
3798187588 3785574799
3711795978 3711344286
3762375096 3761855489
3644780452 3644197837
108699953 108247927
158243017 157782912
144830222 144252688
3467649112 3467132931
3410592991 3409966785
3446361282 3445140214
3464550837 3463995725
159406147 158407180
3503690393 3503151707
115671524 115135237
3527995225 3527501533
3501370876 3500926874
177463822 176998974
3470848135 3469212187
3556978732 3556266841
3531235072 3530683666
139235117 138710661
145196335 144574525
3605516093 3604867595
3584020056 3583550903
149483878 149104633
3490454507 3489948945
3472793762 3472322953
3480491282 3479868418
143950779 142293786
141236106 140633506
3453742444 3453160285
3468000673 3467680334
3523797379 3522530099
3496565450 3495392439
128166615 127832978
3452368969 3451876066
148273617 146753848
123799414 123478476
136881538 136523906
138853940 138416388
3600720513 3594455281
3591268532 3590715879
158146972 157525844
3602283637 3601719261
3618343422 3617708421
3639820543 3639351323
107731904 107296240
141531040 140237735
3610926049 3610473738
150388125 149920060
148684277 148152978
138448050 137818683
3506034965 3494280913
3473834162 3473217729
144393073 143515845
3517870936 3517418340
3494232565 3493270387
3505909747 3505373417
128408302 127879383
110800473 109698340
127900636 127297748
3499587206 3498314963
3496513765 3485442020
3482968929 3482401607
143015711 142137418
3454443811 3453074195
148039570 147436783
3485752851 3485183370
153475517 152092722
136392186 135946781
3413686256 3412999859
3395375079 3394802882
3554014612 3531020151
3394903107 3394325252
3496441690 3495135172
3479010629 3478599006
3460325252 3458726194
124221281 123821714
3462661748 3462096556
3626941173 3612114416
3527441755 3526871286
3531564008 3530967605
3514509339 3513076391
3543152812 3542589387
3541302556 3540750969
144774942 143083303
3701053251 3678940285
3713306251 3690098812
162336572 161400120
3473761084 3473198347
3459821980 3459324402
3424093367 3423567829
3444323357 3443733363
124143852 122890630
149837328 148216252
131538997 131081194
148478058 147877563
122744079 122190770
125695753 124390680
3632690059 3617646297
3517051978 3516552856
3493728568 3492644469
3557871445 3556657749
135455031 134767100
3508355239 3507869782
3480375509 3478708042
141243344 140634735
3481996499 3480824115
3461174029 3460713599
130113287 129493023
3496566003 3496130839
132381356 131797114
3499452767 3498158412
136589290 135210523
152166732 151837910
3409826460 3409237509
124261577 123063610
152588153 151751689
3414801137 3414248127
3407891688 3406962876
148915357 148269080
3422274566 3421770869
3444032920 3443506138
3437461957 3436228149
119590423 118927527
3410454263 3409790485
3412967915 3412396684
3484374891 3483863942
3458220479 3456877969
129475263 129046607
133256762 132014965
112368890 111965211
3468635636 3468174141
3510320644 3509304075
3485725565 3485133811
120506321 118564678
145375330 144792663
140219776 139771978
122799778 122182255
116975898 116461594
3413756342 3413189868
120778920 120359100
145763415 145304939
131298276 130085662
127800127 126196194
3406923849 3405804681
3415286896 3414775362
87415774 86888311
3457308258 3455956451
103562707 103022382
129559110 128808496
138756909 137692136
131269661 130882369
3468657473 3467440934
3477422575 3476967460
3437484091 3436923704
3540513351 3539918016
3568474702 3568020012
3583179596 3581852674
160150164 139620343
3561446636 3559768780
3504498668 3503573845
113467006 112802456
3494099656 3492756270
110867260 110338223
140013256 138715721
142254331 141651145
157175221 155901729
3390373086 3389813530
3420070203 3419589167
125510344 124967434
3384326921 3383744750
143909463 142547941
122742110 121647601
3542209287 3541552759
3469149109 3467841909
119989947 119460600
3459619768 3458035510
3502418588 3500830986
3445794247 3444488223
135152683 134580188
3442472478 3441918203
151919436 151352603
3448425244 3446867624
3422043924 3420199294
3431647939 3430256225
146343414 145737712
3484639410 3484061988
3468179920 3467623379
3487396434 3486227367
3469905487 3468332113
3472769949 3472152614
3472672026 3471282296
120045911 119527634
3455961765 3455412337
151155092 150529619
3514620610 3513358386
3498951641 3498372150
96911010 96485341
105238710 104672176
3680991267 3680392466
129697382 129100209
3692892143 3692287819
3704427961 3703909850
124953538 124366405
3719024680 3718379906
3702965307 3702576043
3673638532 3672275224
3430121871 3429570313
142441477 141837302
139521419 138920151
3428358842 3427805105
3446344005 3445796795
131714612 131112949
146913415 146191805
137063896 135792401
127000871 125422537
152420807 151794713
3441359945 3440792259
3459982569 3459472971
129634878 127985922
3456405795 3455840847
125310364 124184268
3420424042 3419890390
3419335941 3418800505
142732148 141401123
3412460985 3411162872
3438766551 3437356527
3433955991 3432577624
3429254682 3428686541
125000772 123270066
3408731730 3408172068
143014380 142383250
126490317 125873395
3410111794 3409534066
187363793 185658369
3483333662 3481819339
3527310633 3526730363
3519127385 3518572026
105914663 105378169
120638967 120032485
3541290439 3540733380
133000197 132394999
3521258337 3520714708
3506509122 3505916760
3519605126 3519169496
124749054 124325338
3467631226 3459321174
3455148931 3454546520
141944940 141395482
155943412 155397114
3502140591 3501569785
109856175 109254696
145514736 144922050
154265889 153739356
3464648891 3463105771
3500077641 3498794819
3469674204 3467984204
3475347854 3474767814
156594277 155926147
108054598 106421082
3536986138 3536359442
3491108121 3490598146
3536197368 3535626609
128109259 126492716
3519657300 3518435966
3501246373 3499661290
138629061 138040842
132432126 131752977
3485492936 3484894754
138459086 137709589
3404265863 3403674986
139405701 138775812
3471972576 3471275748
119989697 119047664
142543374 142123414
155101926 154129734
114773239 114116628
105177438 101950767
3369725428 3368348910
122509268 121460005
139545216 138417232
3300706144 3300116575
132965612 131672966
118762828 118174724
3349255762 3347914633
171909814 170648131
131406406 130811541
146450226 145851786
145098359 144433004
3328891225 3328331606
3452814070 3451616482
3477014844 3475740719
112264285 110745699
3522357172 3520860487
3489558998 3488931435
3541289455 3540633518
3540722401 3540138935
125314734 124888222
152874851 151381812
125805998 125174141
3522432080 3521200791
3468017423 3466614413
127634374 127189065
111994106 111451242
3458104168 3457577828
112379302 111128683
128793479 127445503
113450920 113094254
3346968767 3346350044
3432983358 3432472095
3440210018 3439484538
3565960022 3558552367
3546757756 3546310214
3607297051 3606829021
3548014563 3547442693
100760668 100328063
108919672 108458961
125885726 125475097
136371801 135797312
119285732 118553822
141299489 139531815
3445660512 3445056458
3397637164 3397024904
3503905990 3503435482
3440735440 3440175888
3647268419 3646760835
3646152080 3645590486
117551467 116916676
128593311 127977588
3672148417 3663487241
119722916 118558532
143176796 142713692
111201730 110592732
3611350709 3610805334
123420190 121967940
125474581 124996580
115164199 113872855
3539620859 3538873040
3512710910 3511807892
3426383430 3425896643
115578396 115172562
138388799 137753465
139473434 138886871
3361875637 3360601201
3354276650 3353101167
121137436 120508278
118636915 118171628
134711658 133324859
3326901977 3325531060
142786491 141595201
3380066928 3378833278
3386274296 3385520682
143796741 142395447
156640059 156007985
3451159797 3450584519
3469218912 3468651297
3512597653 3512154457
3444132860 3442865776
165085427 164751554
108362554 107326854
3419310988 3417811706
3460128249 3458920009
3485648945 3485032442
123052556 122602927
156516406 155141862
3473693388 3472409713
3475078584 3474612777
3491274659 3490857231
116429815 115821669
3495932380 3495272865
120480886 119088069
110238349 109633124
120280934 119711398
133471028 132947181
119835358 119404184
130658374 130131235
3425722362 3425149204
122893018 122363328
3479383166 3478724341
3405492567 3404947653
3422539192 3422233405
116162362 115722147
137210349 136666940
3399366377 3398052123
3386163572 3385637685
143686663 143189605
3381001348 3380251573
125650020 125145976
151853510 151390623
3320213577 3319439695
130420991 130012560
127746852 127461884
117848691 117351504
108618860 108275220
141854786 140532218
136736773 136208928
142759903 142446313
123739072 123014531
124033267 122670774
3359154507 3358583186
3372276199 3371734070
3450651956 3449378558
3501671590 3501170561
3536344327 3535780271
3519747107 3518318675
143948713 140528769
3524508677 3523931658
3562930906 3562233933
147850019 146550992
3460043090 3458304908
131708409 131118914
139788029 139248883
3462063820 3460751646
3426019822 3425450870
3467439788 3466887410
3506044658 3505491098
3455560629 3454273910
3548925981 3548366265
3502961792 3501692820
3480169539 3478781441
139360700 138745513
135730465 135032230
3496900046 3495402053
3496983562 3496396153
3503685624 3502077682
137115224 136528723
158509887 157916007
3466380473 3465808320
128534628 127753407
3469845991 3469364916
133804969 132764180
3452225937 3451683754
148125527 146793284
3412101648 3410581878
3456997354 3455703584
131720954 130308177
3383809996 3383241262
3432933916 3432320560
124153032 123396249
3413994137 3413438798
3408359487 3407142542
134763041 133568397
3388303709 3387793068
3472862120 3472251984
3533438518 3531673539
3538534537 3537794627
3572347890 3571776902
3584610073 3584094366
3558190635 3556939945
142312818 141914512
133690707 133188255
3527495287 3526935260
130376943 129753030
3503405910 3502813720
3460544515 3458950119
3467058996 3466495728
3429890282 3429372452
135942120 135349684
3481792425 3481361025
137058325 136440236
3471799839 3471255320
3517675919 3517115969
115997598 115281421
132776048 132114668
141320783 140701563
3527546888 3526894962
3469091576 3468516813
3492720087 3492149747
3492033022 3491441174
133840103 132717006
137059449 135470395
3443816289 3443222730
127406056 126691758
3299006751 3298444829
3289562588 3288975842
145988506 145372224
3257616475 3256386110
3306901561 3306438114
142673575 142062850
3343843760 3343286223
3322559189 3321973214
151366297 150755979
3531776415 3530230826
3513450715 3512196060
3504287281 3503824740
3551786387 3551119085
3569015884 3568132389
140136022 139621579
3573372439 3572821429
115458646 114965006
129145334 128526826
100746088 100212164
126966472 125638490
3540699531 3540158469
137114778 136412447
3504934282 3504503351
3516921007 3516382033
105247933 97012023
111506764 111056556
3388413741 3387850139
137697320 137089488
3400586528 3400026084
125308181 124697417
154817204 153504238
3377013013 3376528373
3446331434 3445750878
3464192171 3463606847
3468214026 3467650647
147457641 147021559
3409466788 3408940265
3431899196 3431307251
3470987455 3469347621
125692678 125160688
3495844855 3495139938
3475415310 3473741380
140702016 140228083
3498715934 3498391019
132564873 130697075
142403632 142079510
3429746313 3429089299
3391599905 3391053364
3428706900 3428124364
3510559500 3509931681
3504207290 3502974977
3532409356 3531649377
145359062 144763390
3486072658 3485410014
3495590131 3494995696
3497834858 3496309625
3549421207 3548706403
3505898108 3505441250
113431032 112802223
3496050825 3495620375
3531182671 3530401090
3483170794 3482541207
3466289909 3465721317
3537000894 3528506999
141120375 140238231
3472601859 3472132463
3482522340 3482117237
182285960 181764670
3523039796 3521634261
3526301241 3525696484
144987479 144323584
145407140 144834486
3459349034 3458767608
3516749917 3516226998
3557706377 3556984822
3423788143 3423153742
3391050178 3390588962
3452510842 3451932934
3460791685 3459123999
124992673 124457874
135361958 134672326
3521833929 3521279121
3520415330 3520040090
3480525519 3479923061
3439063028 3437914476
125855832 124889374
123080337 122373190
123344734 122722824
3337535257 3336855102
3403105422 3402448704
146215053 144571812
127551801 126218426
3662263858 3661673778
3658879335 3658058101
3672002776 3670733522
3745061338 3744489969
119781792 119167489
3691867907 3691314065
167644727 167041410
132203384 131806560
123759556 123264192
155368065 154918470
3589347570 3588799481
3363926925 3363494922
3371861671 3371462136
3355224619 3354801983
114906535 114421310
129076166 128680944
154501743 153893284
141375740 140769143
142613103 141988766
3461420658 3460158818
3459416503 3459037425
123923273 123261632
3483954987 3482340878
160075165 159445211
3470634638 3470161526
129881074 129243000
3473278132 3472937962
152421716 151074166
143468395 142204507
3408073871 3406838155
115736938 114945968
3326568365 3325467669
3313330002 3311969687
132293033 131107687
123660549 122039961
138098758 137405839
128413817 127802300
3357670918 3357055544
3346538933 3346082389
146921161 145633722
3462851716 3461527337
3462480999 3461995088
132521089 132034378
3407405876 3406822298
3465860028 3465237931
3449812891 3448355947
139023078 138318774
3448814720 3448141156
145330480 144772061
139802994 139153988
3473170945 3472545349
151990728 151450797
3445601961 3445011326
158879963 158494423
120716871 119182498
95425465 94035502
3446086011 3444603933
137480437 136159970
3383461980 3382871799
124064827 122500924
121644560 120318019
3378952420 3378344531
133539816 132944391
135308970 134698146
3398798480 3397590092
145411042 144349906
155515496 154918233
3460480654 3459961486
125702140 124213842
3446071314 3445401614
3405892577 3405380908
3443329864 3442765359
146719830 146052686
3499108672 3497724662
3634579930 3614947444
3546665794 3546195672
3536590907 3535151144
3546342449 3545256435
145265138 144758730
131493995 130470999
3422338436 3421020445
3375473272 3374909974
139469832 138888284
3389123188 3388172142
3380543105 3380006316
3390161421 3389040886
156294877 155656563
3392965427 3392369580
149365311 147851132
144135741 143634819
149476066 148860421
3535462917 3534529802
4618953734 4615669019
4610094490 4608847427
149258907 148617122
4676717211 4676342644
118344667 117752864
4651341427 4650850046
4643684028 4642348635
4565931106 4565377384
3493283861 3492677246
140454348 139806195
3486786249 3486199815
3490681674 3490078596
138881109 138270793
3519986070 3518726155
105945852 105366179
3515673759 3515169771
3530605572 3530029260
153425693 151789773
133535322 132960299
3480862019 3480248928
3456613785 3456078027
155820370 155203751
3489574377 3488282241
3467313549 3466755209
3492879533 3492415661
140763693 140147400
140590508 140081055
3449225031 3447949627
3435974869 3435390256
3412561396 3411197426
3455500902 3454969345
3476246511 3475655568
117151107 115073358
3507043733 3506432765
3434044065 3433459090
3458502477 3457814959
3523971776 3523398364
3494317215 3493793565
3483863456 3483278598
3485243677 3484586890
122732053 122090200
3505845322 3505173542
137077104 136475511
3465002758 3463680875
133236086 131913194
3440173448 3438604457
127030193 126428040
3472596312 3472119810
3443773311 3443038815
122235797 121769822
119504014 118180826
3445445048 3443291701
134535627 134027334
3444076355 3443436597
145885294 145318928
3533619600 3532886801
3454791143 3453493435
152691140 151118955
3486478988 3485941919
3467934124 3467367942
3463711569 3463155948
3368071403 3366646360
101988695 101387153
3250006226 3249544218
3129455990 3128894859
3097524808 3096135757
3089061339 3088440256
130337276 129011971
130016808 129411737
3087078601 3085730415
3094569645 3094203392
117567529 116983935
120574330 119351994
3013401791 3012704678
127546099 126924195
2995844824 2995293025
3045117042 3044568106
122179015 113502023
3094225018 3093638557
120389412 119862290
109732077 109180656
3129726414 3128467344
3119966996 3118397530
3087701177 3086536342
140793213 139294196
3041581121 3041006260
124669006 124072033
3086586071 3086003960
3115374622 3114911511
3099356916 3098762684
3096229514 3094888230
103120819 101934508
3059572201 3059010671
137284313 136653883
129850020 129122447
3040698637 3040106306
3056587715 3056261365
3161867743 3161287712
3156319934 3155006743
110268980 109584549
3020793661 3020248253
3033995201 3033198725
3065200329 3064715723
107470978 106932927
123171429 122756094
3029771881 3028554506
3067202530 3065861716
128234251 127646821
146093032 145553193
2976907297 2976209029
3011498370 3010856708
3062351694 3061569968
124478859 123442682
3046835440 3045920066
3040037032 3039444919
127269826 126687164
108827262 108273745
124033548 123529707
3068861847 3068264337
97769133 97161889
3045966279 3045385105
3051094207 3050401181
132847940 131273114
3113608406 3113065473
3106456449 3105190333
3060816514 3060250722
110446991 109832957
2929644247 2928308947
2853234943 2852603801
115143249 113492394
2771696620 2771110793
101555959 100239925
2713825479 2713258052
93198605 91770238
2687781850 2687240268
2701894318 2701320636
2768079510 2767371867
2763629482 2763107650
2721513598 2721027821
168377423 167823177
113296110 112667498
109167563 108518644
2730060969 2728535005
117388843 116871359
120257020 119970787
109637689 109121760
2831272325 2830727822
113377383 112052062
3017467589 3016840723
3155265705 3154746427
3174773477 3174195189
3141078268 3139821240
127433620 126860103
3125260247 3124678653
3148076084 3147512995
3106691649 3106183157
3099416889 3098896911
3085724304 3084988547
3078240991 3077700153
118195176 114916949
3106195143 3105639809
3110334413 3109813482
3161202260 3160670488
3125755460 3125309641
112794158 112249125
3122933611 3122366986
141345823 140709161
3106714163 3106180189
126158321 124968256
3144879643 3144291700
3153746559 3153201432
117195845 116606894
3129195264 3128738365
131973354 131500723
3118753545 3118152949
3112063206 3111493521
118256617 117644355
3131286227 3130814665
3154622532 3154275885
3140105407 3139583378
3123772863 3123201241
132471217 131897046
112969506 112348289
135275988 134685518
3098309713 3097731383
108689714 108280377
138725841 138096514
95263104 93916318
3110322910 3109754899
3101169292 3100848647
3091973703 3091449954
108445333 108031427
3052185107 3051667069
3073388252 3072172749
119528187 118898071
3098874330 3097587803
3130767460 3130213295
3102133118 3100870932
128629161 128027534
3030363382 3028840610
3048600357 3048072686
3039529005 3038969763
111165219 110649599
3032647341 3032052067
130105636 129605443
135326041 134674219
3088226208 3087785389
3360836486 3360256219
143070550 142473281
3474519300 3473968888
3484322078 3483822408
154430738 153891925
3482866694 3482403052
3466784798 3465720753
131076022 130487684
3515446804 3514815076
137623451 137235229
129976390 129384146
104384571 103690022
3443572281 3443026595
138995892 138404395
129515021 128189068
3418029045 3417477427
3467623157 3467062377
3452795816 3452190806
3447996568 3446836851
3469321581 3467998010
138422399 138063356
153219614 152862052
106287268 105813763
130231958 129891053
280851859 280274701
3665933418 3664667543
3467056607 3465452050
3152885825 3151645716
3009519927 3009025345
2935350887 2934895509
2543185617 2542673967
