88772041 69598441
47912688 47215025
58020540 56924464
68221834 67479746
81224896 80479184
50290473 49070870
984068394 954349492
79748186 79035032
51802120 50025976
1453638859 1451483693
1339740711 1338828092
1660686008 1659645991
1573907178 1573068464
1802809124 1801856990
1661315446 1659126231
46256802 45588201
1608072983 1607254512
1764056673 1763199728
39689410 38978667
49760196 49085002
55020134 54188293
69284695 68505699
1363677005 1362336277
1564680823 1563776083
67319784 66621860
73198190 72520807
39179042 38555417
60047184 59395460
40073766 39394107
1517652897 1515252233
1591694257 1576730254
56502311 55887038
59340303 58280819
1613391617 1612099153
1639004993 1638299978
1758072123 1757318409
1668564076 1667895731
77100646 76566633
1786664840 1785772772
1358136856 1357453330
45096901 44577169
1600918184 1600225367
1409001880 1408246009
57893164 57303509
45821497 45188522
1567173221 1566310838
42482436 41744204
50485017 49988100
1415689309 1414882810
58201246 57604610
1434628395 1433897761
85453402 84871215
1581837912 1581100177
1634245916 1633401157
1598821897 1598086052
1698295962 1697605122
49321068 48649289
1574785769 1574103946
57817042 57108616
1647461081 1646780901
1740066896 1739396562
1647775559 1647080246
1761963189 1761318511
80978979 70779606
1719039740 1718331440
49610811 48923216
1365835721 1364891362
40100557 39455797
1440785502 1440050309
45294061 44691943
1553785789 1553025541
1559880579 1559164910
1646794851 1646148108
1746186998 1745311423
1795143866 1794366338
77875505 77154799
1710248498 1709175426
46675294 45877253
65488685 64820286
66300264 65694956
53471801 52829705
37240755 36666143
1735580607 1734347250
45821282 45157601
1453145168 1452422850
55774323 55167854
1637889477 1637173056
1583996632 1583272370
1457646114 1456927878
53443534 52912142
38318619 37814960
1329171855 1328535538
36778419 36159120
1445175794 1444414988
92564924 91901174
78256534 77692543
40147980 39575697
74121473 73583601
72821659 72103976
1122511087 1121929569
1526245520 1525607469
1352300224 1351613208
1547579908 1546952755
1555727041 1554976206
46195294 45629321
1753933506 1753353375
1849025121 1848402937
63237327 62677861
1717105789 1716156922
1824722662 1824010862
71806727 71103024
52573750 51942487
1755574539 1754861405
1789785954 1789116966
1756262485 1755495279
1645913980 1645277691
62206478 61564694
1756774503 1756071663
1664129528 1663378046
76268594 75649863
1609698884 1608974845
61964311 61330975
1610348264 1609705756
1554868283 1554229558
64472326 63934740
49262749 48671754
1553969219 1553154436
1524417521 1523727105
55228640 54594528
62237981 61658250
1611705449 1610427378
1603308554 1602539431
42421452 41895669
49931600 49357069
1506616515 1505991667
1552682088 1551964528
1574134564 1573504853
1614142778 1613454104
53961813 53359418
1578808201 1578178530
1592591476 1591957944
1594530409 1593940922
1575582980 1574989040
1559654498 1558972140
61845603 61285606
1666275084 1665655638
1528424369 1527802864
1658719437 1658057940
1610329947 1609641664
1719072673 1718436363
1683393411 1682837312
1642772039 1642103528
44853771 44202793
1630481888 1629679758
1595081000 1594486699
50186833 49621469
62161444 61588145
1583516182 1582807357
1546686159 1545625752
65788063 65233288
45792285 45270946
1524924608 1524308891
55838170 55241439
58302777 57833294
1478860709 1478211074
1551443677 1550723935
57800436 57290075
46459045 45916095
56308905 55670742
1519087518 1518427207
1554621815 1553880030
55459186 54902014
1500085169 1499387263
48230418 47661410
44066200 43493340
1604205472 1603620324
52118901 51575584
1595671271 1595072556
1528465211 1527754785
1607348777 1606698663
1473087721 1472496672
59413779 58769380
53334551 52833899
56352171 55720635
64090255 63704644
1521095272 1520182184
64134420 63300953
1489876935 1489223367
1527519869 1526918861
1462298104 1461637069
1614916229 1614289071
52744469 52185296
54553960 53946801
56249394 55281945
1520707802 1520111604
1541075688 1540238589
64023815 63414243
1578205919 1577541019
61916380 60967255
69998624 69404821
1499556742 1499004901
1538257554 1537563898
57461402 56904273
49651980 49024648
1559112081 1558179938
60981144 60463244
1571305823 1570631241
57763917 56932387
1556226290 1555633535
42944099 42410186
1454111827 1453512149
22962169 22438655
51672665 51164942
41967768 41513993
68283014 67682353
54853837 53965219
1294516545 1292232462
55324959 54364470
41223126 40397763
1492922308 1491960266
52898022 52274372
1421437706 1420480387
37937302 37404776
1389476647 1388824974
66088054 65176318
54009040 53379872
1542039466 1541478424
1534347180 1533725246
1571670813 1571094159
1640656915 1640124399
1586037514 1585270264
1564511615 1563848353
51884178 51252835
49170053 48505178
1577204601 1576552932
65976623 65386073
1491301229 1490072874
1499328439 1498587249
1619785175 1619092451
1615286173 1614613949
1676176928 1675552133
1606636926 1606000870
89343973 88790777
151675184 151124807
1591567486 1590863791
92408182 91869347
85051059 84489334
98513254 97993809
75122952 74665944
1605401005 1604798059
80397434 79690447
75965795 75434416
1572265948 1571618274
1668679493 1668026297
51527205 50948927
54789665 54297228
1729646034 1729047673
64459553 44132395
59861317 59401589
1587737718 1587007405
36569716 35990084
54578748 53202609
1663447045 1662756594
1414757511 1414002375
64465303 63953631
57552390 56995806
1459829975 1459138368
40491043 39876246
1645775187 1644192205
1489763893 1489155235
1513418041 1512889047
1638580474 1637985769
42897307 42461886
48134263 47582644
1593920910 1593294575
51602221 51169499
52541526 52044900
1430205901 1429703770
1556261989 1555514145
52183860 51736368
46090920 45538057
67561321 67206098
78775348 78311250
67342683 66787025
1540982782 1540260724
1490449653 1489939802
1516675587 1515787338
36302300 35748760
54174285 52731494
1577777369 1577241292
68353074 67796472
1351192414 1350489462
49201202 48320937
1564733886 1563568426
1524626594 1524051489
54027628 53435059
1569677341 1569026638
1569902261 1569353600
53819806 53255661
1498129662 1497537467
1563259759 1562540618
1592179481 1591521079
45110815 44581573
1592235776 1591615998
44533455 43999153
66887624 66201549
1501156965 1500235783
1571787898 1570827872
70490094 69840708
1632201025 1631320264
1649863648 1649226088
1729598668 1729062506
1620166382 1619615109
54314706 53706484
1678277258 1677659903
1627682406 1627071880
1576592110 1576022422
65494008 65000280
1728504679 1727660202
1746663095 1745893553
47239440 46312585
1659474756 1658906006
38507397 37951857
1638105671 1637515025
1526916403 1526146435
67045728 66492058
1655692513 1654917846
19157754 18654270
1583109659 1582460945
1601625241 1601064100
54083717 53708169
1604168060 1603610163
1591288114 1590834526
1512200906 1511397720
1577046469 1576551620
46305762 45875097
1553404530 1552732459
50272364 49644854
1582786264 1582080486
29499774 29015703
1550927475 1550304247
1599561198 1598956897
1629744160 1629224982
1675687061 1675088268
76063062 75533140
55479999 54970118
1527940315 1527337016
53354682 52856349
62159370 61266396
1634764343 1634140566
1624766344 1624223997
1505420673 1504872622
1685415426 1684795462
48011036 47467832
1721087079 1720310759
39515004 38991651
78947346 78512169
1389796346 1389276347
1428255335 1427616469
75597755 75108299
1599699487 1599204981
51799268 51281878
1629738345 1628895600
1543668408 1542597300
64782082 64258882
1679459148 1678442370
1599482469 1598884334
1665863600 1665263268
1749748660 1749185960
1593114192 1592543676
1694629777 1694088525
1754591083 1753959054
1673186779 1672571893
42405456 41809868
1517763771 1516838261
1502212816 1501606162
1463970958 1463315128
1664144818 1663554128
56143685 55705131
1600796746 1600250751
1507103925 1506183549
1424345218 1423775129
56623901 56179679
62040635 61563025
1417807890 1417211928
1504039076 1503505020
1529936900 1519307783
1453288881 1452587767
1463416917 1462861729
1565238651 1564811860
1474017739 1473425768
1471929549 1471271084
1434155215 1433595115
38252905 37796692
50031331 49572918
52401857 51865458
1395831195 1395399582
41736820 41220593
1335112987 1334612753
1306036520 1305490552
48061145 47646644
56893731 56367244
37480883 37002795
53898865 53493016
24367198 23865802
39561196 39016920
40079855 39602108
47057036 46550666
1147510660 1146834642
31405177 30915164
45857951 44957639
1078117188 1077486221
1126176643 1125573155
1367541625 1366938967
49891711 49374667
1411187433 1410722664
1443996258 1443557577
1413635424 1413056776
37057045 36620940
1396532354 1395977752
48024808 47482016
1335291330 1334728730
1518757261 1518241447
1378711847 1378201108
55567672 55043386
1380500190 1379801734
1336661638 1336043679
53707797 53201739
1478448821 1477943446
1524419901 1523855887
1396310534 1395775741
1374074426 1373516657
61166199 60659890
50898942 50328302
80370517 79866652
116498723 115940055
53533071 52941671
1464176266 1463692893
36092337 35540652
1527002100 1526440749
42116147 41527318
46096226 45485390
1511197841 1510635409
1574291857 1573430442
57220379 56579467
41406713 40865072
43765372 43224656
1187269081 1186672049
67829400 67326718
62519986 61987214
1355961241 1355310317
1502623344 1502025666
85960641 85453468
1517797322 1517200959
1677842315 1677204997
1706528705 1706012328
37468040 36879217
64785016 64169812
1759901947 1759271335
1711227470 1710625123
65877526 65361011
1142840556 1142270483
1792550282 1791793320
1640174949 1639625253
1504735542 1504214739
1479076990 1478471945
1378083750 1377336284
1546295890 1545600745
1506241649 1505680888
35766166 35261048
67588997 67047961
1404409232 1403625116
1394084477 1393445370
1503296618 1502749757
1432714579 1432110671
1416177807 1415662889
55359482 54868243
1414446953 1413888984
1448542353 1448085857
1310608130 1310059491
1553365114 1552769425
1297969680 1297346780
1475659272 1475095495
49389509 48874027
1530312080 1529757545
1571850492 1571304457
38334021 37788175
1569896951 1569334500
1432670226 1432140336
41895958 41336478
54283127 53789182
1383736744 1383111042
1382602514 1382010532
45070655 44412685
1475219025 1474653051
1341544534 1340987670
71482999 70873096
55130868 54604404
54236810 53700324
1371584373 1371036583
41297016 40799995
1352075632 1351409793
1409216218 1408606990
45279669 44675054
1195801363 1195244534
49778234 49170214
42569258 41983404
1352153921 1351198359
1414508491 1413763276
1403514081 1403042450
54333972 53840230
51173027 50710075
48403794 47964880
1337478226 1336859048
49489164 49049048
41820178 41262334
1330082009 1329358005
1281312773 1280699684
1356134711 1355582009
38890957 38355282
1363479180 1362870447
1398022437 1397450735
41334892 40871967
50024621 49454172
54351188 53821180
54199037 53730491
57618150 57067430
57716740 57271547
1278666221 1278144703
1322759983 1322164712
1164014432 1163467733
64173635 63829561
62184780 61704813
1353728420 1353217478
1298081908 1297340610
1391263162 1390701686
35798224 35401235
80701686 79924014
1398103114 1397421070
1422946196 1422336867
1580295269 1579666443
1520343993 1519788227
1522843386 1522438587
48728496 48185146
1351655404 1351170187
1531678223 1531124882
1508850877 1508251443
1410797436 1410213748
67622356 67145237
1330361473 1329819984
1438696216 1438150107
1509324776 1508752177
1424858002 1424298480
67196436 66748376
1403080560 1402570834
1477021342 1476462642
51555837 51006228
1495900555 1495338006
1403282126 1402767434
1344850658 1344323048
45531726 44991075
1557133866 1556506437
1352844883 1352306357
1509360481 1508828067
1441325047 1440711213
1418759886 1418188651
1313617292 1313029840
45166918 44729474
49471858 48936059
1462995906 1462466110
1493004607 1492419577
48297433 47819259
1371596355 1371170881
1379155217 1378622267
1309499903 1308978135
1388236102 1387697948
1371368841 1370851442
1518861095 1518320376
48160388 47380942
1489962458 1489497963
1453216854 1452677978
1407362841 1406869627
1469830199 1469185240
1439781982 1439164629
73847455 72998676
60792351 60279871
1420413942 1419844214
1394143896 1393605267
35237703 34462003
54380799 53932877
1425482620 1424995955
61166389 60668418
1414010167 1413494979
1391092863 1390236184
46334013 45867194
1368203343 1367526091
1355181820 1354583100
25885781 25346854
1320691967 1320212289
64060231 63578520
55598805 55142457
61406352 60958588
1228611669 1228058887
1233925556 1233448480
49878583 49357952
27488210 27044768
1365796797 1365311674
1327397183 1326875691
1462600465 1462152862
1455168165 1454592945
1343959038 1343499953
1355127969 1354520098
46135543 45639234
53640786 53273595
70936536 70445583
1407899950 1407316486
1428829523 1428410682
1185565975 1185019951
1403885024 1403347019
1370444748 1369915020
1457882772 1457385177
1485131224 1484621449
1489587419 1488876862
63594113 63238153
1414725824 1414235587
49943440 49233482
1471508229 1471031568
1504836140 1504185063
1459688585 1459163823
1452449655 1451706519
1331749235 1331157802
43633593 43172095
1464973124 1464465129
1478985889 1478490273
1390918400 1390427654
61469829 61032456
1552333756 1551905933
1468644925 1467947712
46968666 46213016
1519688842 1519202073
1385315128 1384854891
36837131 36445768
47709807 47203062
1266665631 1266200543
1425475001 1424964114
45796694 45401927
1303088842 1302619710
41537967 41073528
48668420 47211044
50430146 50022334
1399481632 1399025051
1432959312 1432489537
1365630101 1364878871
1421029089 1420653653
1340864696 1340391984
41665631 41048220
45984788 45609757
42136570 41712072
1384602593 1384052658
74170139 73559529
1378719911 1378179880
62137353 61681029
1279775024 1279207593
60191852 59725683
1471279293 1470791363
1421646416 1421094520
46148531 45657733
45747656 45300670
1394261025 1393818764
1195715578 1195091517
1338948773 1338485959
1532625943 1532103432
36541844 36174573
1444496546 1443920992
1409655551 1409120882
1445853597 1445412239
60194816 59771923
1542187305 1541662272
1542484088 1541793993
1530166974 1529712912
55702619 55280720
1560955138 1560481467
1585401239 1584839544
67012024 66630611
75015600 74546888
60345904 59926274
1746273608 1745780898
1764077933 1763625734
1737508405 1736973070
61954038 61336005
1746006502 1745551530
1583060430 1582603423
46258927 45804743
40026780 39658000
40351820 39937992
53623158 52962009
63024632 62667818
1443217620 1442616375
60902836 60563755
1592650138 1592058530
55364778 54883383
1466465499 1465784698
65895995 65409111
1589232690 1588754924
1455961404 1455509566
1517742154 1517273832
1563292904 1562812992
1574200238 1573523065
52494923 52084405
1646277149 1645940008
1649981811 1649600370
23052704 22706693
1668965566 1668636326
1468898729 1468408354
42381155 41956435
61246162 60958397
69282721 68938671
1525871595 1525407639
1635468350 1634955137
53404611 52993150
47924590 47498151
39434002 39037334
79851756 79416657
62205397 61529165
1359696297 1359169128
51813547 51217961
1549712766 1549280541
1505622864 1504988667
50924053 50270871
70659683 70214353
41109571 40741023
1476029272 1475657960
1423395261 1422914676
1543756024 1543309743
55588279 55098868
63794086 63363097
114812860 114495509
60399352 59998959
1544539523 1544159766
59717418 59292039
79799297 79401802
67191959 66773163
59714442 59306058
1491861466 1491515864
31855745 31450016
96724144 96062447
67684596 67035575
1476140373 1475589422
1513176643 1512629654
1298453265 1298011289
1405240998 1404852681
1565832356 1565336362
1454124631 1453603432
62620636 62212384
1606370253 1605984811
1680987377 1680542368
78282039 77952595
1501006260 1500471831
64493348 63838115
1722011555 1721449205
1667331583 1666813147
64699742 64208909
1493885103 1493281502
1627178679 1626653282
41998588 41548667
1538506973 1538076890
48794545 48314556
1649693797 1649115869
1509907779 1509459871
1577443150 1576933338
1658196808 1657760693
54471800 54056777
1532218315 1531638590
1670651848 1670031310
74852521 74468103
1646966950 1646487099
1570533095 1570038496
63139846 62658388
1568921835 1568466697
1570646519 1569970998
1545735036 1545200038
69750584 69334569
50661465 50171542
1481391947 1480910766
1657973756 1657502326
1735237664 1734818624
1643978067 1643526148
1570599454 1570043634
75744689 75267632
1565832736 1565379087
1469947862 1469524478
66783562 66367026
49194811 48723537
55260055 54789542
1414100673 1413528204
1670279044 1669603039
67009248 66560244
1670288125 1669808576
49526066 49009854
41614380 41279965
1599741610 1599173587
72493414 72148504
1614901721 1614431140
37559254 37147700
1570291587 1569779722
1585084810 1584686991
49952842 49541741
62370806 61961371
1486726078 1486146965
65959582 65574202
48581386 48194496
45403335 44975169
1433129376 1432467139
1534133516 1533555007
1542591205 1542112689
1610076842 1609566988
1532037047 1531647927
1592245645 1591799595
1574568208 1574089902
1624786766 1624273019
1646599735 1646128660
1625115738 1624586206
1678411711 1677929614
62745122 62325934
54077659 53561708
1569478617 1568931478
49555793 49063552
1625358160 1624921162
1543533487 1543053486
42027685 41401897
1474695830 1474268198
1499992991 1499478966
1557583982 1557140693
1569459512 1568952261
62210051 61705054
1634227850 1633771223
1617842137 1617469112
1593753484 1593168048
65847722 65429820
1643288248 1642820320
1496646867 1496176880
1637658085 1637211610
1612382568 1611825399
54003009 53667601
1432630055 1432157687
1547351195 1546743341
31796191 31350039
1570076639 1569501286
1596799448 1596281472
1669378763 1668954017
1583348712 1582865386
1582634352 1582201737
1722934037 1722392870
1689356785 1688852508
1701776602 1701287325
33752601 33315834
1528359330 1527853409
53698968 53321834
47715330 47270438
1618484366 1618064183
18077209 17656583
49477841 48953769
1397906814 1397362255
1565574434 1565073873
50620835 50182762
1495606404 1495080661
1569148682 1568600120
25620162 25210084
1571031912 1570640113
72275844 71855030
1602214821 1601689100
1587734635 1587195602
51115305 50749753
1630528697 1630004431
43351377 42956495
1599203874 1598813177
1434504448 1433927353
29731259 29292461
40404289 39901226
53252303 52710659
58102559 57795470
49599518 49137461
68355653 67904477
56158641 55608941
1354944771 1354482174
53220147 52609506
1472452426 1471994567
1511513233 1511032784
66712382 66242979
1598849444 1598343142
43617864 43198945
1744752026 1744312893
1696766512 1696272001
1615395125 1614887073
1683447641 1683092419
110369503 109911783
1637972341 1637416106
51015035 50567854
1747721373 1747126103
1681230655 1680506096
1763248779 1762706693
65925212 65278929
1670687767 1670219682
48404299 47944577
60491800 59843795
1493488092 1493020229
1458816580 1458336963
1619433401 1618993782
48222971 47629457
1602587955 1601969650
1583783438 1583437593
56557415 55828276
1556432196 1555969674
1615159300 1614693245
38610484 38149140
51561562 51066283
64326458 63944172
74703908 74091346
51164879 50489376
1575591917 1575038202
1579090347 1578463096
1435579806 1435043026
1455240620 1454789639
1514833608 1514399118
1562198560 1561494140
1607543571 1606819796
1699027438 1698588800
1673006410 1672458451
1613580565 1613055177
76792866 76274664
71208646 70703723
1625875241 1625440184
1628216066 1627754112
33196513 32610766
62185013 61657135
1594501843 1593948834
1454172123 1453703620
1598503671 1598079649
48659521 47993274
62262342 61610648
1376632560 1375948426
66150393 65462815
1471518091 1471061514
72159968 71754485
46600951 46095339
1604460160 1603917183
1538993006 1538510536
55601234 55155537
62892868 62343192
1446578291 1446137468
40230385 39747639
58875711 58223998
1565678296 1565210716
1636898984 1636408884
1591891625 1591285268
1638389291 1638002620
1468096183 1467700993
35302618 34814464
1611401802 1610572165
1507627022 1506961777
1606258974 1605803414
1542667488 1542215297
86314920 59738995
48186695 47707131
1579464466 1578741439
63758602 63332610
1551275766 1550725713
57248523 56783138
51850967 51393178
47837384 47257411
45481316 45107647
1570701304 1570256875
1592535807 1591918688
1583268042 1582870770
1474288037 1473828266
36745138 36283023
1398564668 1398000480
18788140 18360872
36406659 35850596
44948446 44586687
69640083 69256337
52091013 51767834
1190385473 1189882630
40371559 40017580
53221559 52792500
102633499 102182112
70019349 69499313
1090049458 1089480604
1574923405 1574386965
1640475836 1640027431
1676174514 1675807842
1615530317 1615013058
1611418441 1610958957
1625453451 1624972494
1695276585 1694829166
1557551343 1557019039
60470379 60114287
1651442507 1650918183
1247315850 1246860476
1678707726 1678236625
1681480303 1681046082
1658191335 1657626597
1661961959 1661457384
1659911453 1659431446
1615138696 1614626964
1683946188 1683453420
1658548468 1658130757
29848391 29404976
43686478 43263285
43385767 43034724
1291066221 1290612272
1576050193 1575547125
65623466 65298299
68681454 68256049
60665519 60031782
53171607 52667683
63667218 63145702
1515255239 1514718578
1622473003 1621986543
1554531761 1553991521
53427034 53025069
1485324779 1484891744
1649737418 1649238389
1495282876 1494762615
1621583559 1620795113
65833182 65353530
1656363848 1655929239
1518284343 1517811971
44994237 44518265
53768023 53297903
68527906 68058134
1372674099 1372147484
58896714 58413335
59309561 58776271
1460754131 1460314021
47241035 46791161
1526885025 1526393548
1610722840 1610205055
1543958639 1543505099
1552931187 1552501785
1625968208 1625559215
42956936 42500917
51092003 50649585
49128887 48701371
1550033403 1549566001
1518202109 1517688726
65808360 65327457
55823809 55410055
1462969034 1462441084
57221296 56746000
49428152 49035627
68601672 68216411
57509868 56993304
48830194 48408211
1209517408 1208992113
51649667 51144267
1489249735 1488764053
1542913993 1542420987
1573468953 1572851050
1487889493 1487440456
1548980147 1548475433
58967902 58534717
35493027 35015883
61656095 61239246
57700866 57306765
1521212505 1520685137
1588276932 1587795954
1478336518 1477905059
1534947584 1534395158
59502425 59064490
1498206734 1486776590
1613845676 1613365229
1483492228 1482972706
1638671511 1638142293
40732675 40335141
49042071 48582160
1623502150 1622994395
1619418866 1618988333
1654717731 1654342760
50188871 49766301
66526920 66018797
49423981 49062343
1484928405 1484477556
1568111672 1567520203
46435771 46042302
1479055569 1478543525
74240197 73727322
78616564 78191700
1435595404 1435076092
76374721 75946997
62425084 61894337
1466671459 1466117248
1543281396 1542867136
1546402151 1545955141
69896608 69451531
68386250 68008070
1560982721 1560552974
1596850153 1596419623
37595693 37092458
1569891457 1569502492
1456978776 1456537881
26107922 25635228
55878213 55403296
1545647000 1545326873
1522909687 1522406265
42098700 41675692
72817037 72415194
55344536 54908105
1552935719 1552417700
1431442698 1430942246
49824085 49325386
39326250 38844344
1545121911 1544524951
61663913 61207541
62034244 61626484
1555323594 1554906159
1509086850 1508622023
1627075602 1626626841
1617613673 1617086445
67130589 66718949
1590285107 1589756594
1444446693 1443944374
67574669 67170239
46240744 45755475
1418371437 1417900867
1564168425 1563651839
1471299125 1470775170
56904252 56288975
1557463102 1557004213
1624745672 1624362215
1652052329 1651685646
1581437990 1581047155
74475800 74064313
1508811781 1508241929
68151018 67718635
1553621603 1553115345
1678384317 1677910147
46741337 46331139
1593258544 1592761249
1556123590 1555578797
47448238 47040879
46054464 45650131
1574391069 1573869492
1534477844 1534051230
1487550378 1487209451
1559782992 1559320224
1527721922 1527213724
1592579661 1592144362
1577882694 1577425498
1660754305 1660317799
1654091326 1653635410
49572830 49214977
1610080043 1609607230
54441323 54036096
1544834873 1544367948
1600045101 1599569793
1629089636 1628712506
1550407784 1550041905
34681419 34262070
39748925 39406096
1531607723 1531072853
1616988984 1616478860
1536264602 1535745322
1592189142 1591672256
1559191133 1558594941
1585290683 1584835028
74855168 74443697
1575899896 1575442400
1602517924 1602058054
1724102104 1723725260
32996405 32659923
1487537832 1486996855
1640139667 1639633550
34262429 33917614
49456429 49113228
66183049 65684408
70817314 70426754
1553188880 1552662103
67408732 66972507
1389472460 1389064692
82608609 82150958
1562124904 1561686458
79006774 78639379
1442469498 1442004569
60062323 59596863
1602180557 1601744464
49533547 49113723
67318727 66644094
1661702366 1661182607
1673438084 1672895056
50281620 49849012
1526207890 1525719823
1601585270 1601119825
1626097205 1625609846
23597336 23179847
1607364285 1606936453
1645400780 1644921169
1557500859 1557030688
81151609 80748354
31926737 31446989
1693476518 1692961409
1516211591 1515537627
1442030532 1441504655
1493149463 1492647753
64041235 63532753
1628695568 1628210464
49570809 49064822
45908616 45425676
1619755790 1619128193
1645612566 1645027971
162886985 162458663
1667347319 1666810958
1668618353 1668138511
1699604245 1699015771
31321128 30809326
1763613312 1763118007
1673322798 1672830753
1790788857 1790305816
1612033669 1611496132
54548174 54013668
72280346 71806042
1662238831 1661672657
1702104441 1701611555
49716819 49286872
1652446637 1651946836
1545664943 1545212177
1535365727 1534876422
49387240 48910375
1623860085 1623330233
1654084102 1653611512
58577594 58102525
82652115 82250528
31998721 31489778
1512578728 1512024892
74499743 73989722
57342998 56835282
62012017 61562491
66865844 66331685
1285134209 1284617187
1439440838 1438892606
49769487 49275310
51692833 51198423
1458145473 1457640506
1367766085 1367265534
35878904 35404291
57937824 57521220
1441224453 1440713844
1611437059 1611009513
1628148761 1627663489
61815550 61386003
1665338278 1664915323
1433216151 1432732962
57388676 56947838
48732679 48314720
75440820 75070376
49616256 48949544
58994157 58556538
1516405873 1515936703
1600791959 1600334768
1596334422 1595992867
1653599914 1653153893
1745273314 1744804701
62870464 62441119
1505665726 1505287684
1493219557 1492783424
1569026488 1568549175
1542792725 1542407306
52706468 52362526
71338718 70936890
62053738 61643781
1507840057 1507284630
1650542945 1650054360
1537041789 1536361602
45015259 44502423
1627122667 1626581659
1728247782 1727754770
1639960711 1639471359
36986846 36320433
1525383649 1524845106
49227495 48625409
1573204269 1572563865
1605953497 1605369810
46367351 45892992
82997796 82550466
53164609 52705758
1370380299 1369866111
57575558 57083756
1527168542 1526624834
1571217739 1570685846
1577757391 1577298933
1643989579 1643334231
1614279468 1613842406
1580833805 1580280937
64214411 63813972
1508044580 1507560167
1580529808 1580045726
1528427680 1527930657
55130181 54742263
1511737959 1511209459
61129729 60661882
1703461329 1702889818
1561640873 1561105160
1635073716 1634554673
1644312640 1643771425
1606931489 1606410734
1635621692 1635095666
1644203552 1643642190
1598484893 1597946478
1638441068 1637952854
1632517518 1631787432
44159768 43647858
1652395353 1651867953
1588697953 1588198985
1565157143 1564769822
1652103145 1651710122
47027787 46612274
60515802 60056471
1627908621 1627457415
1648801969 1648328069
52654021 52244482
59637250 59182556
1540792236 1540438693
1459537231 1458975785
1544960530 1544315439
1561820150 1561265539
54036105 53577212
1612909939 1612366950
61826111 61350020
33561596 33144408
43601850 43128980
71488546 71001478
1565704617 1565229385
56469901 56071705
1624825345 1624111290
1562073569 1561596774
1517331747 1516860580
1484716251 1484215751
1462145832 1461673975
1542487784 1542123611
64458528 64005442
45974610 45576067
41271205 40831583
1505608274 1505101546
1529196697 1528751497
1606538124 1606072965
1658327902 1657859391
1648774601 1648323831
1602819289 1602342296
1676215694 1675752736
1626653472 1626281879
47842797 47494609
1465120773 1464652291
40016218 39639783
42463237 42070932
53930584 53633502
1528973403 1528557470
44637383 44242794
38643862 38272893
1537306592 1536788334
57372581 57049127
1348199854 1347697611
68861907 68497628
39134282 38703025
1450768534 1450305780
1525872587 1525448180
1506999361 1506658207
51646345 51257543
1537094630 1536717481
52936316 52524752
1569382071 1568954651
56061334 55681299
61125018 60698046
1621527483 1621065495
1705668811 1705236471
1617050886 1616593000
1463754281 1463285412
34669578 34269397
53242689 52833359
1461068368 1460632512
48048663 47592385
51254305 50833695
1475423918 1474973796
1450537766 1450130521
1466906002 1466604361
69147189 68727975
57777875 57480821
70650794 70245127
1576492416 1576059751
1586805084 1586400057
1583324735 1582922784
1631548774 1631028976
1557942305 1557506251
1589111860 1588628223
54835827 54462636
1506495623 1506097519
51191339 50757649
42261490 41878208
25160499 24843655
59518842 59134359
49535882 49129403
66539205 65940976
50780409 50355695
1417607526 1417113741
66904945 66265646
56359641 55684539
54766850 54429629
65398843 64750076
66023350 65613995
1484220297 1483791471
1346342882 1345662926
45683993 45189525
1401155154 1400798445
1524110525 1523601393
1530019164 1529418934
55374475 54945719
52788694 52354665
51451241 51002242
1278868345 1278292077
62424678 62105729
43181332 42791068
62678894 62238961
1331316222 1330707207
1574176953 1573510050
1531128685 1530435947
1520956119 1520510370
1446053349 1445554957
1716308128 1715845923
1589820807 1589372674
1633523554 1632942796
1675396112 1674931513
44576888 44133634
1574104076 1573620335
52049767 51581193
1560267312 1559724156
52440862 51942596
56486150 55997916
62487391 61972544
1519294057 1518752984
47472604 47076916
1580586261 1580013509
1595758202 1595189841
1542847348 1542324568
52612492 52164787
51826091 51321573
62376179 61886403
81378615 80860739
1446810850 1446303154
1515292765 1514831576
56759696 56334901
1544926398 1544400679
1622075043 1621556104
1389430943 1388861897
48956406 48569547
58107444 57683922
1649654526 1649117489
52193510 51760758
1681871912 1681186807
1717305335 1716626855
58555649 58155234
1639391369 1638920507
1557550648 1557108716
69537070 69079891
1473643990 1472993473
47674261 47241924
1529912061 1529474826
45170520 44551864
1496235805 1495821102
37088304 36589466
52527318 51930084
1511473267 1511136781
1509957359 1509345162
57042620 56545126
51825997 51311857
1578803885 1578353815
1395187258 1394513983
63134893 62641228
1566092741 1565577184
1501624515 1501132766
58444212 58061997
1580595076 1580051869
1560667456 1560030766
1593139679 1592563039
47822551 47413220
70135293 69730623
1626254914 1625860253
48737737 48342531
1620018125 1619523504
57618149 57132455
46218045 45745888
1574223977 1573651132
1626349131 1625885948
1559256473 1558637442
1518394282 1517943809
41558662 40925887
1541417134 1540971012
37048728 36638589
54186267 53751170
1561589664 1561177913
43355063 42854299
1576168240 1575718204
1583434798 1583002140
49074229 48652353
1569462320 1568931728
1539620854 1539018483
1500741620 1500076677
51832568 51404686
48698925 48201902
1455773602 1455260106
61856205 61205018
65288265 64911271
1405346465 1404263880
1435556464 1435017107
53923701 53321468
1502942406 1502389221
56508976 55842785
51798011 51130624
1440337607 1439777438
60502966 59894435
54290886 53889624
1530404202 1529789385
1562965296 1562355159
68099939 67685969
1620511088 1620103576
1623249003 1622631597
1513244703 1512606631
1495771997 1495313532
45654021 45138930
25341462 25012313
1567384657 1566843454
79365276 78944339
1575425338 1574909072
42384852 41979998
45027915 44612020
36993315 36348232
1394192855 1393662165
42874901 42482933
1636502582 1635856442
64643757 64239167
1611960067 1611460938
56973509 56562933
1494806802 1494397560
1594530077 1594089419
1589974741 1589444563
61268701 60865090
53669577 53167068
1417048040 1416577179
53319878 52804994
1706381142 1705686429
53770956 53215381
50845024 50129433
58130163 57450117
1483152172 1482501011
1499372354 1498835121
67235370 66575682
56234719 55760039
1521197817 1520586670
1464410247 1463950954
74105542 73744617
1532021445 1531594112
1484526913 1484104881
64574468 64191639
1519002520 1518567416
1483473416 1482941333
81559381 81101139
1367148249 1366578226
76621075 75960891
54266870 53602844
41324839 40630793
57384861 56724668
1426404508 1425717075
1646326587 1645880269
68071686 67373184
1447271397 1446739669
38814939 38417282
1512958104 1512449148
73038554 72499502
1610137491 1609488944
1619135686 1618633207
1536962979 1536534664
38170507 37708283
64049629 63610730
1481393176 1480876677
49364702 48950503
42251027 41766868
49524088 48856373
1517084457 1516448921
1449269229 1448667215
1547723019 1547025796
1573145312 1572808026
1607366113 1606821402
1573002275 1572549601
41668327 41263872
1639237287 1638752152
1667384068 1666842055
50104153 49667055
1646262116 1645778055
1555197146 1554517366
54344289 53900511
1520757390 1520251646
68681314 68230663
55945100 55538051
1539638919 1539186495
78962108 78563588
1492616161 1491961134
1591426099 1590992701
1555263700 1554759083
1661272104 1660804425
1602845232 1602399198
146259953 145838029
1591602823 1591069270
73066402 72680530
1636060184 1635555049
1711316624 1710752844
1707349600 1706944393
1801060556 1800595027
1688797237 1688175194
79584735 78953261
1674504017 1674143664
1427872279 1427354186
1666397625 1665897744
52581979 52160280
45424275 44976932
58049971 57674493
57667400 57240258
56578729 56162170
1465242609 1464788807
1535996414 1535517772
59480877 59048365
1535525110 1535139509
1541598761 1541007049
51889643 51165794
53749782 53469487
1513036342 1512588954
56051986 55627848
1480337564 1479917705
31770748 31385205
1426140620 1425582705
57731686 57343364
88081650 87770169
47170036 46860568
42621434 42218850
1485414291 1484880809
54272908 53856742
69510929 69181430
48451446 48033436
48675124 48174816
1271684338 1271212882
57889250 57434980
1465099726 1464655524
67050755 66404619
54481143 54121584
1342184514 1341754573
65016387 64324147
55075103 54731084
1372730091 1372173904
75497076 74850025
57759979 57435671
1457869290 1457466332
1486210035 1485032511
1456757734 1456292016
64835484 64444406
1509905404 1509398140
1502100237 1501603229
1497298139 1496753616
1662304537 1661881067
1604323561 1603879499
1578895039 1578363529
1610547682 1609735908
43319350 42914510
71065508 70596214
54029628 53365120
48862355 48461526
1691923864 1691248429
61158709 60497507
1599444817 1599033514
1491637162 1491132913
43608257 43196502
1487037539 1486609831
1648201760 1647809793
35656287 35232051
1451065484 1450601415
33409450 32990143
37190840 36768484
52232768 51772803
49415565 49044047
37007958 36528861
1209466549 1208970606
1418574782 1418061022
1536015656 1535509955
1651626201 1651120433
1600379865 1599923063
1621093219 1620659156
1609221954 1608697342
53039464 52598607
1753664302 1753142746
34241434 33798388
1806755107 1806219590
1750938106 1750397722
29940814 29428825
1620384627 1619932958
40425304 39998783
69475513 69062275
53676999 53207590
66101753 65702165
55341215 54925666
1474705523 1474173531
51671921 51205146
37825548 37335837
1349399010 1348848397
1404808048 1404294405
61836633 61365237
1467133930 1466625314
73060434 72621944
1362552476 1362163566
61547452 61091731
1443778170 1443289941
1559662495 1559210544
1507409384 1506913710
1383271247 1382831987
56264626 55847109
60078621 59665213
1595017688 1594489216
1692874581 1692363456
37611443 37211422
1612156720 1611628672
56723307 56291272
46723896 46349598
81020302 80620292
1632006102 1631574532
79325815 78969616
1643509401 1643055016
50767670 50455478
1611933801 1611429083
1581145472 1580664310
35797243 35483391
1589842856 1589373030
1615986582 1615576600
52132949 51806050
60665952 60290426
60094742 59706580
48821858 48485601
58393193 57966884
57084122 56681366
1192949061 1192448383
45082304 44670535
51746832 51355153
1336452344 1336072131
57812188 57409544
1482418819 1481989996
57371199 56940274
65977103 65548703
1530994794 1530540261
60489626 58290582
1516260571 1515877480
1519539883 1519155078
1395190047 1394720300
1548537554 1547945453
57008479 56582531
1435883011 1435490177
1488877445 1488396082
55753456 55354518
54803095 54368110
1488649850 1488211862
57036304 56631418
1552202909 1551760740
1608060146 1607642063
1633684753 1633282117
1574310378 1573881785
1695332435 1694857130
1710040539 1709647311
29709080 29326143
39456317 39119000
1350718763 1350318555
66412590 65993577
1611424995 1610809041
51218707 50559864
1553368210 1552831950
47190284 46531072
1506631719 1505977915
1606833881 1606454213
1569947579 1569394444
1661593090 1661158519
1652224496 1651851090
62213309 61813554
1676453943 1676061181
1666357771 1665867464
43037147 42672402
1464145209 1463755831
58090593 57776249
63343198 62863715
46594993 46200532
50627083 50197279
47307036 46705367
1589433381 1588918975
1470494258 1469869997
78337704 77784912
66235331 65797554
1610274356 1609888146
22419352 21988706
58295855 57945462
41494740 40887580
17647127 17243332
1394677060 1394084759
74216720 73700476
1472292591 1471917711
56470729 56092336
1552164629 1551725215
48914007 48625894
1630678683 1630252706
48946573 48597477
1465611098 1465160782
1638444151 1638014496
1452935891 1452551141
35753371 35339583
1536716253 1536130049
47932302 47556588
51417371 51001268
54253320 53219695
37002298 36592967
41189542 40787904
47965144 47461180
66848712 66431072
1425597760 1424964018
42893831 42534427
45882831 45387920
72011789 71612715
53584335 53082064
1458082313 1457670614
1570019699 1569494219
1380154323 1379716456
1284544261 1284160059
1279339175 1278912882
1477409747 1476978441
1547835909 1547378121
1612101623 1611523894
1675104160 1674454480
1646316530 1645921625
1721724543 1721327373
1668991437 1668621314
1757188345 1756569096
1731571366 1731067281
1608318673 1607829741
35589365 34948716
27322473 26998788
58616656 58008871
1419457695 1418992415
57817085 57377254
45248903 44767913
62868231 62185302
1350994547 1350541476
1519576277 1519111273
1544168774 1543707132
1516733778 1516264446
1584324065 1583999620
1574612159 1574177287
1695120288 1694791610
1599527629 1599033157
67281990 66869979
1637434353 1636978950
1638965601 1638333297
1585220960 1584782233
1531062962 1530632013
50670328 50246488
62207601 61804703
1647325978 1646865453
1630565091 1630080199
1657141856 1656765028
1646553535 1645676151
1630877602 1630437797
58764953 58375238
1631324699 1630787796
49124595 48752649
1572742039 1572358438
61700610 61277383
1398465394 1398017576
59972636 59340460
1551210748 1550762951
39557429 39126075
49463725 48980066
1596595247 1595937436
46485481 45838152
1527104549 1526646966
1479043622 1478577151
1484554343 1484098391
1613990559 1613591384
64757909 64464796
54983427 54612536
1392620109 1392303141
50057858 49637894
51909557 51474007
1570683427 1570249435
58448733 58033901
30003145 29629895
61532845 61148154
1472193066 1471783633
1508267578 1507807151
62219134 61796263
1474853093 1474413987
1475836669 1475229532
47515441 46988844
1598448387 1598027757
1527684741 1527241165
1588568311 1588156919
1597650497 1597216621
1614529373 1613927720
1531768815 1531379997
1590033887 1589593833
1723093267 1722690396
1705165408 1704692214
1594792114 1594355481
50078143 49662285
1653394952 1653003436
1576715873 1576256580
49388606 48970016
1601281537 1600832939
51232755 50749304
41396359 40977621
1575210760 1574773161
1537350433 1536893303
1589199124 1588816036
1619007327 1618493460
26800325 26405595
56090416 55701447
50118255 49720909
1447231074 1446798146
1450296598 1449665293
1571835044 1571428980
1607969430 1607505651
44967758 44550344
45117875 44697250
1526483392 1526046867
1593015488 1592599257
1584234237 1583836812
1644833829 1644403152
1575608296 1574988452
58417217 57320018
1623240263 1622745533
53517508 53010115
1580531143 1579982816
38930702 38499127
1554363587 1553915477
59277905 58939068
1562856917 1562389362
57264109 56860945
1627368371 1626869678
1667035186 1666591161
1448839246 1448403140
55462883 55033233
1571992901 1571464883
48618068 48202161
1480218014 1479580642
47861262 47449485
34275872 33867295
1561252833 1560805602
42058112 41660728
43342290 42948453
33747680 33319780
1428846068 1428360808
60971847 60543439
41761930 41170835
57004647 56640658
1430224732 1429820710
1442803958 1441617351
47247533 46912077
65009068 64595515
62146921 61859692
67710429 67316286
51047345 50573456
1284446837 1283970353
1298542995 1298103127
53224423 52788476
1339594304 1339189624
49816478 49405505
1619904176 1619510930
1619427380 1618976432
1611337219 1610965578
1663758815 1663354913
34153401 33734590
1639947921 1639574796
1612628206 1612224145
35537364 35124850
1524837136 1524467188
54766931 54350853
1526414295 1525906463
1566148781 1565668015
1532113411 1531671078
71146201 70706531
51913989 51476083
54204428 53761043
51549327 51145043
1543478614 1543013247
1491689881 1491296513
78006885 77592600
1571786403 1571261549
1594166628 1593664445
1588224475 1587737188
1633748954 1633356632
30515196 30102172
34008693 33583519
1593427812 1592997721
1446486906 1446054815
33057016 32633972
218985845 218587030
136570728 136012795
79842511 79421966
117193076 116785602
52815370 52438530
1657172352 1656791156
64947406 64284072
49034026 48632013
53769526 53348066
1509838498 1509366069
1490558334 1490117910
56575342 56143863
1637249620 1636779875
1738397260 1737927307
1767357862 1766827353
1509841879 1509456256
53019029 52656065
1585142364 1584567988
1588152295 1587756312
61337645 60935877
69182482 68763492
1598589750 1597954617
57440930 56777543
1625138946 1624686233
1431953099 1431461354
1641670936 1641247804
54960340 54600886
62182516 61710038
53284326 52802158
1465451367 1464986695
1583086327 1582635759
1662941044 1662490339
1671459919 1671135364
1560921881 1560537631
45351848 44833482
78609784 78242255
62034837 61627657
1507625359 1507146075
68948784 68459897
1401542651 1400882724
41771557 41400315
1447407889 1446940803
1559592793 1559091842
1536737241 1536223243
1561386215 1560930810
49569872 49142180
1669607389 1669172140
1700034287 1699451598
1611426601 1610930630
1586579439 1586042651
18191256 17797566
1453783639 1453281609
1674146781 1673703172
1716157677 1715705731
61044519 60659593
47076906 46620980
1485720741 1485164523
1538416003 1537883805
45252025 44764639
1513733936 1513275528
79351387 78938779
65092289 64655570
1542305069 1541804849
1509509552 1508995626
1577646319 1577143963
52045517 51565909
1646262027 1645756760
1577302172 1576667988
1375502322 1375019729
69061615 68612812
1539568226 1539111106
1619618975 1619111843
1604968770 1604443217
1576740966 1576292973
1604340595 1603980234
62745780 62259383
1556921396 1556414073
95274682 94801627
1625758369 1625222875
1579474959 1578964112
1623381920 1622882777
1641037736 1640538345
79974068 79461705
1524161284 1523704080
61831838 61409785
60078198 59674747
1584842131 1584362676
39859878 39427407
85182382 84780261
64334551 63892806
1444326085 1443931417
1540418798 1540019415
64583216 64238941
1518038643 1517432510
1499119176 1498581904
1611137332 1610572736
1503979261 1503515096
1553619381 1553174398
1608175754 1607723016
1619810322 1619362825
1607004588 1606508415
43156447 42748243
43578356 43191625
1606225935 1605764112
1612374566 1611897131
61236130 60842279
1586982027 1586532113
1544293936 1543841785
57742360 57205610
1553258167 1552860399
1549363484 1548906795
39344497 38965019
1639044107 1638670808
65841033 65395492
63573282 63216475
57411502 57021209
56320857 55816632
1489349177 1488880340
67741949 66840823
1434963584 1434491586
1506317679 1505819423
1487896123 1487517007
39217386 38807284
1563142647 1562698838
76015689 75629580
1525710381 1525273171
1493353189 1492919771
1630714188 1630312981
1560771364 1560336980
34362581 33921604
1606352226 1605947287
1605032563 1604593148
68007081 67601673
58754162 58443160
60448105 60072023
1490981018 1490459026
35172392 34730297
54678553 54360842
31992204 31556675
65070871 64690278
1444906063 1444400898
1457838976 1457441235
62415390 62055109
1506079490 1505628487
1511747800 1511301844
1466187703 1465638681
46061611 45653991
54939043 54509177
76721654 76304897
49128935 48691010
1409012354 1408569760
59490469 59041280
1615753337 1615279217
1400601091 1400189361
1566334981 1565902754
67350138 66921609
1530220121 1529783673
43837075 43466569
1497925560 1497510196
1628356366 1627907878
56363644 55950112
1614024815 1613661861
41322893 40890055
1561075371 1560694500
41224194 40805344
45895680 45545381
48496288 48094422
56054853 55641223
1538983283 1538645679
1348692680 1348248379
54554459 54199319
74643183 74261210
42238307 41837321
54239050 53854508
50839600 50442400
1393479552 1393050291
1377495919 1377117549
49420818 49021683
48740350 48358255
1410730980 1410314424
54539934 54187931
37243546 36831287
1375268407 1374812024
81583138 81142196
59409791 58983242
28766536 28295521
1329136203 1328662864
51344590 50786574
1497113073 1496692465
62229428 61784296
1368754653 1368302767
1464830902 1464386005
1611526364 1611084386
59284129 58874675
1613953447 1613492667
60075978 59586383
1496906781 1496398489
64021780 63442395
1604460241 1604028162
1528848106 1528370937
65589950 65225189
1543520080 1543108090
44427160 44031374
1552788961 1552150856
71133191 70714383
1567116267 1566647781
1542216508 1541752646
32730784 32260179
57334270 56945143
67505803 66905340
1448514446 1448050094
87212064 75326656
83860183 83557245
1589730253 1589268110
1551844460 1551323035
47561069 47050808
58396328 58017650
1541800364 1541327528
49732542 49200413
44703546 44218394
1468587072 1468171218
49965317 49436489
1498308499 1497897286
81704552 81075489
1613417564 1612788797
1314055480 1313606174
51592289 51180536
49794555 49397572
54680410 54266909
1545060304 1544464222
40127324 39685854
41492024 41073453
65241045 64811326
1566854896 1566415989
1545272299 1544771511
55690441 55272737
1604631202 1604087368
1475797119 1475348908
1516133446 1515727031
1527289084 1526848870
78602539 78239485
1482898917 1482584455
1527294993 1526839298
57198034 56781236
1557824920 1557353720
1589071486 1588689008
1668309114 1667867545
57796759 57410193
1604332706 1603866026
1590843738 1590400379
1614682055 1614266010
1558830576 1558403660
48614580 48256223
1531070824 1530634716
51051329 50626766
1507905368 1507481190
43536176 43116965
39563345 39108519
52116984 51705363
70509244 70006775
1510112851 1509682118
31097715 30726711
46436301 45943318
1369447741 1368991240
60111990 59742372
46111766 45767504
55749052 55343011
60639943 60277748
59636760 59205806
1387029251 1386558652
1346015465 1345539828
1442635584 1442134527
48182782 47749699
1521615205 1521246522
1442293651 1441940265
42783595 42313427
1532953856 1532581290
50966350 50550084
57781645 57403732
1487483901 1486942258
1585640146 1584964857
1516318234 1515786298
1632629393 1632080917
74074588 73582661
1622373353 1621931750
1620025724 1619506301
54257383 53805623
1597618525 1597152870
1601923445 1601493723
72897114 72433055
1569018060 1568562330
1556155097 1555653751
72260623 71826126
45735244 45257288
1536657368 1536038981
1550961842 1550311980
1490015018 1489508739
1578217788 1577659560
62311333 61810238
1604266190 1603596492
47161888 46668854
1649645830 1649139453
1571637074 1571159813
1552790060 1552271450
41344803 40861491
23477504 22995797
1633932768 1633523008
1698876801 1698329263
1522437446 1522015051
1563461826 1562937971
56744491 56322786
59576281 58920776
1607831313 1607328957
1575468569 1574995069
1607753959 1607212541
52565304 51920354
1685358639 1684860800
1680548455 1680094343
1597948065 1597362812
1602832606 1602434685
1646017799 1645392116
1695175088 1694683233
33395690 33004997
37908066 37525870
43629808 43048957
76153038 75838708
44961886 44298743
45715577 45303942
52585896 52165480
1349360010 1348687682
1369888508 1369416815
1547293108 1546795937
67546835 67141173
1315933773 1315316725
61193326 60748858
68330305 67929078
1543050173 1542596295
1690564507 1690069486
1576058170 1575399932
64440869 64047958
1533653875 1532986535
1462574261 1462185976
1560271516 1559618969
59424622 58858757
1589610101 1589185340
44438463 44090622
49466005 48924780
64427518 64025406
1496812265 1496348035
1475345274 1474883875
1496807624 1496339086
57545150 57119089
1520978662 1520339591
1579537563 1579099671
1593766179 1593344710
1589245395 1588761025
61288609 60885031
1599923583 1599282930
1563657884 1563203880
1650609263 1650090852
64251609 63854654
49108013 48737990
1559197312 1558766969
41259117 40897283
49445627 49038979
1557571129 1557103512
59596298 59132962
1647594671 1646861424
42758137 42422631
1446932674 1446473039
1627657160 1627282080
1496839646 1496322836
56983634 56580449
53068154 52729690
1553094271 1552606503
52528846 52153549
1281580494 1281149754
1589768095 1589279038
48387944 47963907
56772437 56264938
1581003653 1580550542
1583315903 1582746795
1526468935 1525279435
1564017418 1563607878
48138279 47515514
1620128554 1619756347
1580692330 1580315817
1582527511 1582114328
1622385627 1621950348
55628464 55219606
1618534663 1617967360
69619047 69212496
1607410113 1606665906
70327632 69979913
1526586080 1526062216
1594836450 1594192588
1601105105 1600449870
1583148415 1582495937
1522058729 1521632825
49435753 49045380
1599075252 1598658065
1557981247 1557574430
42643585 42289248
54170866 53743310
1553895420 1553348772
46124577 45626151
1572883525 1572196775
1553946713 1553391448
1622875422 1622476906
67685188 67219395
1584965330 1584282011
50058348 49654791
76043771 75614185
1483508803 1483034645
61672753 61172894
1479055049 1478405095
1530535483 1530089589
1471009406 1470573251
56948805 56525907
1549689577 1549222201
89060622 69730827
57511374 57076481
1555254425 1554733808
1628482731 1628031048
1574278586 1573816562
57163887 56789710
1491874138 1491434106
1675471668 1675049901
1509207275 1508759360
1574311792 1573825318
47070313 46608145
41668829 41272563
35828538 35442016
67728594 67328568
1458285520 1457836573
1594238290 1593767975
62442214 62028182
1407229184 1406806424
1596391458 1595881133
1647880050 1647340131
66729469 66206923
48098156 47654888
1579889197 1579491735
1516498418 1515874434
1572109385 1571630819
61840390 61385307
59201874 58825104
39897476 39514660
1533626973 1533186913
1440241460 1439842863
53541078 53040231
41920519 41419314
1463088895 1462669397
41772379 41348795
1552495944 1552007434
1409181574 1408717294
57451604 56897259
65559101 64994611
1551460587 1551072806
1588243103 1587828809
1604760618 1604337356
1662290381 1661761990
1575516480 1575019394
1661122448 1660684248
53805508 53438713
45297632 44848964
48938326 48581315
1519673026 1519213148
1541870147 1541161806
1454635566 1454110174
55711799 55313976
42437882 42043312
61877284 61382930
1549752914 1549168072
1516411374 1515882021
68223194 67759491
1649876426 1649434322
1579419585 1578972583
1537355036 1536920180
76823086 76318499
1555318005 1554868641
30088115 29684451
1517776919 1517387314
40187972 38966382
46181594 45757675
50200627 49729697
1519501198 1518792720
1527898764 1527481730
70127367 69727954
1462379894 1461881557
60400447 60002076
49261638 48857445
1506235002 1505698082
58163416 57740553
1526880776 1526377536
1477018979 1476561564
49274899 48856176
1529980511 1529504357
58908221 58463799
1566453335 1565983187
1623068041 1622537888
41574838 41131769
1608803643 1608298366
1651397034 1650938533
1411387273 1410968517
61015930 60578104
1564495953 1563916150
1604930164 1604473884
1545197472 1544738922
1531647954 1531147653
1480369117 1479869040
1620767158 1620237698
52955504 52595466
1625635839 1625184273
1637787657 1637342538
1728233086 1727679338
1626268728 1625793524
60467167 60105826
69549235 69135292
75519562 75122634
1591542938 1591121299
1514647459 1514205913
53956147 53475777
1460320919 1459849655
63243741 62856965
77724181 77278710
1490875999 1490413640
1553577915 1553202908
1529160167 1528709088
1489241044 1488713248
42900077 42426215
1634521182 1634056938
1561758904 1561340912
1587631862 1587042640
75115595 74682751
1548134675 1547591922
1525492142 1525046961
1573726678 1573186906
56217959 55813074
69325007 68818861
78908259 78488000
1616074949 1615535077
1614561462 1614153366
1579374240 1578955086
60566927 60166848
59144875 58661630
1503111390 1502614471
1505174718 1504635410
75285698 74798973
1470600111 1470174223
1539635333 1539191372
1467578484 1467039068
1675763875 1675305348
1573666513 1573285452
1635570723 1635117251
1617175536 1616646472
47802787 47389762
1579994310 1579447647
1633189462 1632664037
1598328206 1597797728
1639046831 1638583308
62209722 61827451
57068063 56660333
1621838446 1621397987
1575556570 1575044139
68768864 68014892
59995018 59586605
1543071815 1542620856
1580862943 1580325976
1566934853 1566537468
1640771372 1640316291
1583219695 1582782600
1555803335 1555447407
57723232 57342445
1557694782 1557117150
65756971 65303407
1564853194 1564273806
1610748538 1610110574
1592652085 1592153284
55688223 55128052
1680212220 1679738618
1584203158 1583697874
1648270760 1647867264
61211400 60721139
1571104423 1570802809
1591922919 1591448118
1542799332 1540995073
57902927 57452703
1560822024 1560119259
1594132704 1593493911
1548375325 1547842871
55230164 54893898
57935638 57432102
1559156636 1558560306
1499689409 1499182457
1514137321 1513687314
1617816702 1617397203
1666907698 1666451939
1723580185 1722997976
1571884318 1571431609
58871488 58476517
1631687690 1631225007
1346883735 1346569071
41614736 41276946
68251286 67579463
1581532571 1581096721
1665002853 1664406688
1357213732 1356733414
62845944 62441998
1661161829 1660692441
74454747 74009135
69751995 69047377
1658211694 1657664795
1622460558 1621988189
1562446078 1562065539
33911418 33271245
57621986 57209695
55243758 54890161
1557650463 1557162596
1559226459 1558771497
1483724543 1483090782
69968916 69569651
58122183 57767671
62126793 61739680
1488578860 1488122181
1531643189 1531074466
1594440586 1593923323
1593372310 1592918058
1588045465 1587469275
1580314649 1579853890
1635569477 1635172032
55980799 55332385
1580390714 1579814587
71814258 71163085
1590564370 1590128924
52111478 51470553
1579802481 1579478290
1588455583 1587801565
1582140860 1581694945
56622914 56269698
74264153 73679169
68523331 68047396
1447520287 1447074613
1593213555 1592679269
1514539140 1513998873
1494307959 1493791035
84284055 83861247
1523813752 1523109504
59533319 59139184
1517088508 1516474255
49242960 48591635
1532283117 1531664074
1596768134 1596127576
1594362775 1593745974
1561811793 1561182970
1564492474 1564022666
39233674 38800013
61054909 59026963
89739174 89281196
49724730 49214629
23077208 22618965
50009979 49464335
1319910467 1319260123
44943433 44473078
1377292860 1376774230
60804462 60316841
49810583 49366242
1619968381 1619338976
1526524141 1525893019
1581712172 1581104071
37874292 37490202
1697316780 1696676865
115346538 114857849
62079989 61604732
1625141020 1624676837
1600094251 1599571426
1581758844 1581347062
53163687 52718021
61617631 61188029
1685349458 1684847007
1616669408 1616139967
1643055135 1642495754
1632658722 1632210675
48138069 47758932
1728482118 1728046521
65795132 65387677
45085960 44737998
46809169 46353757
1529452962 1529045154
63675424 63238108
1544525457 1544083555
25039681 24641049
1530411607 1529868764
27430293 26984467
1550764655 1550286258
1531782103 1531262703
1508439057 1508025141
58623276 58190019
1650307685 1649853288
1275810908 1275250519
1594310375 1593806316
1589333260 1589013469
1600828992 1600325159
51658221 51186082
1539474644 1538957872
78882522 78481498
1623574041 1623028475
64670205 64302303
1641766025 1641276906
1583693264 1583228409
1546564564 1546043153
59919265 59516514
1524515394 1524110680
1559643954 1559154014
1603889255 1603428121
1632234263 1631803744
45758490 45365142
52064737 51640994
75683298 75367912
51284282 50873751
1533876539 1533371173
61152094 60729369
74719676 74307093
50352097 50004394
57277835 56727021
1542638195 1542206925
1510678037 1510293204
1522418183 1521962714
39739461 39403904
1506028450 1505640998
1452947799 1452567750
25322115 24895502
37266593 36883048
66217710 65745562
65285298 64820836
1277886038 1277425675
75044264 74542111
74080295 73647506
73033789 72600563
1330828305 1330437362
1368347257 1367895987
1493524681 1493131146
1592776401 1592202592
1639821162 1638468530
1690119222 1689775474
1700215828 1699911048
46078902 45603998
49169117 48839174
1678732430 1678231903
1619990241 1619504648
61692363 61311945
1481449030 1480994386
54012494 53641555
1537462129 1537030485
1585419693 1584853136
1609297584 1608864457
1570573564 1570080687
1649156436 1648707557
1597767056 1597232113
1519331235 1518905655
1396083258 1395530665
1205175441 1204620597
1278231601 1277746856
1355911334 1355521187
893116563 892659435
