351073415 350601657
17665948 17276847
352274865 351780616
350098813 349607670
16957308 16552453
17307228 16894181
17698910 17309457
350790509 350335216
17652204 17251512
350563966 350107397
352692147 352244434
351541207 351084405
351521125 351059167
18095666 17621327
351340695 350873741
17168309 16745205
17708354 17294575
352854567 352382743
352528077 352038619
357732807 357099313
358546476 358023033
354587369 354128004
17571044 17143838
17323141 16870380
17525131 17084829
17416654 16990977
17656965 17222214
352503607 352031077
352242199 351780636
359953755 359487110
17677479 17198118
352929214 352448265
17839378 17398736
17907157 17467071
17811069 17390566
352675282 352204266
17044881 16613917
351774405 351305296
351251834 350779903
351176071 350703078
17488378 17115093
17447636 17069640
354457355 353978168
351282338 350828332
17752375 17355618
351137543 350649514
17649785 17247378
351796280 351323824
350750956 350291334
350868599 350417902
17464410 17049638
17316895 16919761
351714337 351244956
17562109 17122920
17067526 16664876
350872190 350385369
350901886 350432209
17049746 16647386
350959635 350478781
351393618 350911782
17082473 16720424
352919337 352432825
17077383 16661194
352570433 352088398
17312141 16953741
352084918 351603826
352643475 352174529
349948843 349485649
351978380 351514308
352284772 351796076
351506991 350985393
356196935 355608366
17302814 16885009
20689151 20282154
356099726 355504801
18022748 17606628
17674907 17252680
352012141 351537543
352536585 352035812
352363092 351902196
351652369 351184027
351991113 351546521
351026363 350563223
17750023 17359346
17689726 17281919
17318685 16891907
17165213 16745087
17335795 16972990
352828302 352323610
18084057 17707799
16775704 16394414
17591513 17200725
350861013 350375671
17623357 17247497
17368499 16975740
17744290 17338598
351223278 350754730
351743702 351273853
350157154 349683219
351469861 351015037
351485276 351022090
17647732 17228199
17240867 16827651
17595757 17152764
353887776 353370532
17496252 17112618
351916547 351450603
17192614 16796405
350922001 350442304
352585927 352113401
352395874 351896717
350512225 350054829
16956644 16515533
351951166 351484812
351988389 351523812
17468525 17075901
351521449 351007188
351555445 351109338
17997929 17584614
351320458 350841342
17835040 17436173
351253990 350757745
351951032 351459394
356495885 355677347
351597313 351122055
17731348 17351613
17726426 17319313
17062094 16684627
350894940 350418046
351792388 351344958
352113491 351637842
351394125 350938023
18018216 17602842
17680893 17279770
350496998 350028259
351061203 350564924
17518142 17127306
17246670 16855825
350887812 350415224
17473737 17086093
350719546 350259198
350876430 350410523
17608883 17245493
350466514 349995020
351461574 350969365
351855166 351393895
350326686 349864107
16956068 16574883
351311106 350831889
351460357 350970053
351936014 351486193
354920319 354388029
351486809 351033265
17081359 16695632
352228115 351747645
357033541 356473135
351473719 350951055
351431967 350981276
351427772 350853473
17353144 16971148
351388831 350920887
350805470 350311907
350557121 350082442
17719491 17316686
17835098 17451278
351742387 351258876
17035863 16610941
17230652 16822234
17223665 16831838
17831118 17328686
351299785 350811743
351151610 350684523
351901687 351391469
17651710 17285394
351027432 350547299
17425027 16995262
17342719 16951968
351281898 350823681
17775538 17343534
17090464 16636981
17933377 17485939
351466304 351001382
351869919 351406189
351385449 350907147
351923493 351437605
17115007 16711847
352204686 351705856
17859619 17483546
17226585 16797218
354828417 354363281
351415029 350918964
17414177 17015345
17779531 17370606
17672194 17277715
351942503 351440402
354009044 353473963
351734287 351272533
352326069 351851227
352058658 351565823
17322387 16917411
350745508 350157892
17597934 17201552
17052176 16624939
17682744 17277210
351661115 351168857
351206499 350698546
16827311 16438768
16857181 16436067
352538201 352064075
17420068 16963394
18015839 17598552
17454861 17051856
17855931 17452021
353008108 352546010
17272598 16854760
17775025 17330337
17410805 16949667
350885263 350421789
352119665 351658456
17119244 16696837
354058839 353593867
17171554 16775930
17055323 16655599
352491707 352029849
352416360 351910587
17259133 16858188
352269763 351813996
17295103 16880537
17527803 17136926
351770732 351257296
353471739 352947633
17428746 17023011
17231600 16794873
353602888 353107816
17000951 16619480
351408619 350960644
351820698 351347709
352353805 351889018
352237496 351742301
352938055 352487514
17001535 16638421
17805406 17394791
358351699 350377568
17528002 17141326
352325013 351833165
352231886 351738048
351582764 351080814
351831806 351330428
351356023 350908458
17438453 17018072
17524202 17103716
17007988 16617234
17185671 16782148
17050976 16648155
17685143 17288272
352728803 352224629
18116991 17720655
350748653 350274807
350636245 350186182
17425322 17041046
17344541 16948970
17798855 17385891
17198560 16793669
352641671 352158819
350698294 350216252
351460727 350938953
17063582 16666622
17920804 17549326
351895925 351396999
17126900 16681128
350948596 350485182
350864641 350385493
17038450 16639934
16970160 16579697
17695439 17301861
350729844 350226655
353077487 352613416
350599075 350118534
351531469 351093080
17837366 17406781
17375710 16997124
17408644 17011150
17688749 17296048
350328160 349855883
352811101 352338213
17212795 16806443
350734266 350253221
17707879 17304943
17966038 17553931
17964714 17570410
351718419 351227269
350739116 350270667
17946525 17525273
350225870 349754804
17503208 17080376
17136139 16712489
350347950 349881795
17297240 16859229
351172141 350686342
351703308 351219030
17321107 16896034
353311046 352835397
351386409 350910115
352717782 352246584
16867719 16485928
17574828 17110985
351996799 351514772
351769537 351292577
352200378 351740338
350668271 350186850
17161693 16762560
17463957 17055212
17919093 17460807
351878783 351386576
351919775 351435390
351138335 350654948
17678526 17281142
351816917 351333639
350629405 350143192
351129511 350670114
351337496 350865820
352332234 351857756
17361155 16935822
350424033 349966855
351523178 351056222
351514794 351061216
18573682 18160965
17265456 16835244
350692498 350233474
17085807 16636141
350677342 350198187
352804022 352338746
351663615 351204262
352387222 351908118
17756420 17326441
17222580 16829569
16975279 16580417
352158829 351673426
350483104 350007744
351992776 351520520
351721393 351246724
350857028 350391308
16883778 16480265
17424986 16986824
351538744 351034016
17164860 16735957
352562544 352102256
349980856 349524923
351955502 351467939
351996866 351522744
352401601 351953086
352204471 351704924
18271796 17804517
352724179 352254879
17041807 16625836
350657352 350187244
17531612 17129342
17690861 17268350
352246586 351724377
17237978 16836938
356581476 355988546
17943383 17548277
350713292 350242145
351721450 351241425
17648942 17281869
351933046 351461659
17968091 17553560
350712157 350214183
17618694 17203745
350924998 350450468
351408832 350924817
351534895 351038854
355960543 355415158
17305984 16917545
352786299 352308105
351525827 351057014
351358640 350876582
351738613 351273882
357393039 356829062
352622969 352178381
17798919 17378771
351628860 351163945
353513625 353046521
351672223 351187313
17400960 16997496
17324785 16893615
353563323 353089550
17672443 17253808
351170238 350717748
17801087 17369868
351648879 351167539
352853518 352384994
354031903 353513514
352130057 351663095
353027258 352563917
350738478 350299562
350402855 349941064
352167651 351693511
354011288 353474649
17824003 17398039
17944243 17522863
17164712 16728633
17621208 17212748
349949062 349483462
351241430 350770912
18031085 17609755
17868297 17491713
17787469 17399683
17649741 17277158
17780153 17416974
17142369 16741483
350265025 349795090
17343216 16959187
353017935 352541720
350914271 350430487
17089465 16682257
351108346 350599196
17000359 16606283
17058038 16660216
350284847 349837874
350898899 350408258
351189986 350710271
350371874 349908453
17152131 16782536
17771325 17363908
352254631 351772302
352227510 351739212
17873722 17511982
350280540 349817806
351354914 350884912
349602280 349145152
349966736 349508493
17291418 16891128
351381407 350890819
351055230 350497315
356386651 355817981
17517166 17085692
17796465 17385644
17067773 16699968
349992010 349543783
17858781 17435984
17572226 17181537
350046301 349573920
350634397 350155798
17328722 16881376
17172519 16780504
17668046 17279635
17468109 17071964
351079947 350607847
351459469 350968138
353123523 352657887
351363597 350904127
17483820 17058163
17504944 17112632
17381337 16982475
350864614 350387860
17708723 17274636
356885542 356315805
17629015 17281812
350212735 349741109
17726375 17324418
352101657 351623762
350959158 350490794
352014401 351544207
16998917 16585240
17457882 17065896
353761423 353247828
352936768 352485000
350948765 350471271
17669764 17263218
355104864 354530358
350965144 350476927
350775420 350312729
351456308 350976326
349709911 349212824
350668227 350196912
17269494 16863538
17029825 16634905
350957424 350481726
350880182 350412715
351237384 350778557
350375696 349896688
352707282 352218424
350634438 350154772
17018562 16643173
351170425 350691820
351192892 350696106
351645207 351187632
350988391 350524924
350326529 349876034
352296165 351825883
350692971 350227929
17168534 16779149
17463151 17056713
351862268 351379086
351873426 351404312
350931510 350469361
17784766 17393224
351615334 351129456
17945251 17503497
17003492 16608466
356353503 355806804
351841051 351368173
16724817 16353346
356506341 355927077
16989451 16596723
17428876 17030815
352052655 351589925
16901684 16517981
17214356 16800408
357143844 356564693
352254250 351778773
351475651 350946321
17329341 16936094
17058354 16636770
351497770 351030440
351665395 351198051
17796674 17430393
17718588 17314280
17870015 17452941
351662413 351150063
356793972 356217047
17581726 17132839
17871704 17470798
351159774 350700509
351895101 351432721
351112733 350651679
356236098 355643755
17728530 17313495
17728447 17317071
18237269 17864824
17506356 17116328
17804917 17302098
350003636 349494646
17355891 16875036
17459820 17104086
351363676 350874864
17323411 16906478
352728617 352214169
350412765 349951357
350544777 350024009
17711921 17322701
17284271 16778309
350907140 350417539
351045829 350460709
17800989 17383053
351531770 351087686
353989072 353416627
350287055 349837983
351558335 351070978
351826000 351354786
17180778 16782763
351070106 350574690
350702281 350222473
350206935 349739054
352983339 352496629
17295354 16835345
351232108 350649691
349795297 349234533
356470823 355864232
17875625 17505925
351797607 351312757
351047647 350578399
351110078 350647809
17687520 17252037
350111066 349651028
351087639 350629100
350665097 350012349
350921292 350445286
16995614 16597530
350093096 349640535
351435115 350984360
350785687 350309564
351812634 351336505
17825806 17366983
351288780 350784336
16887359 16519875
350043761 349569011
352011243 351513916
17661534 17283039
350882260 350405949
350252971 349789540
350982589 350470340
351576442 351076911
350623716 350156835
352099189 351627317
17189563 16783988
352500811 352038073
353078739 352601595
353513184 353057664
352121337 351642420
350437988 349993382
352665528 352195483
17917772 17451270
18170527 17746863
17292885 16891106
350731459 350270712
17763813 17377448
351141293 350685339
17993934 17566016
351058295 350594194
17207709 16831949
17226320 16807940
351093658 350640773
352445350 351963647
350540862 350080926
17297978 16926928
349621387 349145637
351337558 350884527
17457544 17076586
17364849 16903012
354208190 353687669
352540434 352073813
18131871 17693168
16893042 16480825
351052738 350570204
350580632 350118920
352157498 351675845
351998033 351499842
17613852 17233999
350138268 349657901
17597462 17205943
350144707 349674405
17306921 16922988
350259634 349785786
355776715 355183302
352078862 351596239
352323230 351841836
350830876 350370328
351754418 351303971
350876661 350395086
17473110 17089687
352016592 351530408
17479219 17056436
351740197 351240779
352006237 351520943
350553509 350065015
351107492 350643341
352138729 351667985
17435337 17064903
352420722 351922107
352027047 351555095
350740741 350283235
351473235 350980778
17882842 17495746
350299436 349798173
18020249 17591270
17284927 16890563
350755705 350289388
351304895 350804491
351199749 350718347
17531044 17102038
17656151 17265167
350956391 350484613
17232097 16841695
351548608 351066804
17874343 17478402
17164824 16789359
351555679 351085984
351811292 351342634
351883370 351403891
353531910 353048995
17909412 17485045
17849807 17447619
17971965 17535370
353693820 353202565
353300049 352835259
17817153 17367146
17510897 17078339
350861700 350389235
16967686 16580516
352364859 351903168
354059918 353459341
351099728 350657786
17744470 17335946
16814282 16400698
354598503 354120707
351453421 350994762
352703650 352216656
352841512 352378645
352417218 351923392
351867887 351378535
350651315 350155933
352550641 352082352
350720121 350263140
17618426 17227662
350549328 350087994
351935677 351456242
350559733 350111280
16995299 16628247
350546891 350058883
17476113 17084582
351380233 350860547
17859359 17429201
17128869 16754092
17753859 17351288
17929658 17535330
17298745 16914512
17659413 17258599
17098339 16705351
351317185 350859545
349811689 349364500
17107871 16729720
17630460 17245078
350372454 349916307
352038963 351575998
350971263 350476518
350702169 350254092
351894408 351446660
18303869 17892864
350809765 350358058
17813609 17423137
350887298 350404943
350059669 349586252
17321188 16899128
350537407 350071538
354959683 354391898
350595604 350113991
17033859 16683485
351524893 351048482
17794141 17394717
350255895 349786212
17248554 16867074
350808319 350325440
17647949 17230964
351711222 351256396
17167004 16786867
350267928 349718172
17351407 16959103
17705424 17319427
17983551 17579311
17382852 16974906
351477615 351016152
17427940 17026055
17829019 17424797
17668824 17281828
16959457 16561004
350226492 349737290
17604770 17242510
17817361 17406427
17281605 16862348
351483999 351018142
351364638 350871343
17434608 17044424
17798976 17330445
352479763 352013516
17175942 16782365
17680679 17299196
350269103 349801066
17450209 17058174
17608018 17235744
17672222 17287722
350836312 350370351
351774949 351311703
17615336 17262025
351685060 351162059
350632729 350147592
351979262 351499456
350884585 350409316
356816323 356190187
352631756 352156589
350972285 350499746
17774241 17362142
17333833 16954632
350614392 350146043
351074435 350614460
350893735 350439525
17832036 17440454
351166692 350692914
350344249 349905283
18065780 17651682
350975598 350501230
16894792 16491276
352321056 351850219
16808473 16393636
351905265 351429800
350987240 350516352
351175786 350716490
352130326 351643997
351978708 351528792
17738948 17317099
17084331 16712623
351675272 351215720
350775916 350297189
351260072 350788777
17804081 17383244
351589311 351111638
351266551 350817438
18026291 17628625
351430316 350934924
17783385 17388402
351831315 351348844
352472574 351990977
351824489 351313295
351404613 350824487
352921073 352454631
17804764 17407792
350198973 349723235
17704233 17324064
352115556 351626383
16908033 16520118
17167705 16787859
17594566 17219035
350816700 350343723
17289053 16931039
17653506 17273961
351940278 351433020
350844203 350274495
351516818 351067371
17685898 17310555
17425786 17026652
350451600 349998045
350461636 350012001
351177955 350701810
17324101 16910201
17719317 17300626
17531729 17121496
17011219 16613116
17087071 16713130
353495688 352986376
352405515 351927640
352296924 351848341
355133712 354648125
350967298 350491169
350518349 350042096
352261713 351777182
352883098 352395349
350792439 350346728
350778135 350313533
351563519 351097082
17707519 17316606
17893583 17482928
17369825 16955286
351256197 350807184
352317371 351845894
17513172 17076922
351239496 350754066
351516227 351050766
350788701 350327798
352312743 351830215
350769386 350331845
350395237 349913892
351018887 350562634
17846362 17426774
17054027 16644857
351832587 351324317
351734259 351265331
17595042 17170297
351344742 350890812
350969335 350511880
352210061 351705509
350674633 350227229
351167466 350681418
350873321 350422238
17173151 16724604
350743766 350268636
351130206 350683811
351089689 350618390
350466753 350013799
351648093 351163742
350992019 350529124
17373345 16981513
17218652 16799072
17801760 17372153
351008245 350561133
17230686 16790269
350100161 349635540
350619352 350163302
350032653 349575539
350874919 350423754
17671606 17287350
352034925 351547414
17248208 16862570
351815562 351329453
17596244 17204608
351938972 351475312
351798575 351311631
17583727 17176926
17434479 17047078
17486686 17091254
17023992 16675790
350873426 350421787
17921961 17508113
17304130 16896941
16954638 16590144
351358660 350875522
17288372 16891665
351841998 351344743
17852842 17441673
17457778 17064907
350662354 350178490
349755037 349293615
350423048 349948806
351140436 350669685
17220967 16788162
355132852 354582825
17644017 17264010
352973862 352453531
351328846 350851077
17736355 17327063
17921067 17430432
349701521 349237990
350760146 350253195
349892880 349427229
17135383 16782862
350273971 349788689
352024670 351572851
351029584 350563866
350987620 350500132
17474567 17093284
17675169 17280223
350242174 349663082
349901763 349445742
17471230 17069973
17471605 17100345
352396353 351898492
349847249 349386258
349773558 349315020
17393123 17008338
356119236 355547840
17044003 16673834
351135479 350652314
17365265 16933111
17616254 17210473
18040103 17618518
17191652 16792847
352477086 351988546
350622398 350112996
350496784 350039302
350149604 349698539
352724969 352266379
350876293 350427187
350577827 350110611
350174734 349695207
349635434 349164775
351568516 351089914
350660283 350194707
17825809 17285605
350546039 350070999
17806143 17398898
17156342 16760709
16749595 16383431
350929824 350456924
17844599 17479744
17650511 17239063
352145979 351659555
350773078 350288810
351306869 350853099
351394957 350922009
17935068 17533010
350508314 350027119
355553788 354881457
17500493 17126812
17711495 17330957
351753420 351286351
17656946 17275884
17333564 16930302
351695720 351231220
17287622 16918792
349759633 349287763
17080375 16716500
351500605 351017319
354962815 354381952
16802363 16398152
350639142 350164142
350514399 350036562
351932026 351444724
350462900 349987790
350688116 350223762
351778047 351318919
17699056 17290035
17108113 16697392
17939662 17549507
17237709 16847128
17586717 17197002
17229548 16838220
17776465 17380013
17051601 16638439
17209450 16837026
17238188 16865159
17789025 17418735
17834172 17419793
358737602 358164261
17234277 16785239
17492155 17047718
351870061 351390631
352420146 351944098
351743521 351281440
17643458 17095738
350916481 350452200
351886031 351401009
17936129 17458132
350546004 350071377
350785692 350318997
351630938 351184864
17947910 17523577
351874547 351399395
350648894 350175145
350232145 349756144
350515190 350062625
17342525 16956661
355336368 354812401
352401283 351873330
350899047 350410708
350775145 350317015
351215860 350742919
350378611 349936431
350619336 350151218
351374023 350925256
351330391 350853755
349946058 349499347
17622688 17242507
17375687 16980560
351503980 351045642
17589866 17130872
350467949 349986934
351086137 350611174
351555632 351108464
351702096 351227486
17328441 16927494
352496512 352017183
352496480 352036751
17843419 17408176
17354174 16920515
17624212 17238347
18124558 17702409
351435827 350970635
17662572 17291719
351129052 350664967
17439608 16992335
350287694 349832267
351378300 350910678
350141796 349663649
351721418 351243695
349944524 349460719
17372174 16998924
351873722 351380811
17826936 17396550
17273142 16912446
351334015 350844305
350689124 350211618
17198348 16786696
17347132 16957403
351835122 351345983
17147462 16748155
17206171 16803943
17790086 17317580
350024426 349536760
352382916 351931179
16853378 16491286
356193806 355549610
350314114 349836675
351887779 351423151
17055027 16664205
17272286 16909409
350253605 349783717
17470637 17075495
17391323 17008443
17688823 17276380
16969555 16547506
17040733 16642250
350977660 350486206
350682593 350198161
350546865 350092906
18300264 17905251
353235885 352750685
17325351 16892431
17096222 16675843
351042188 350540996
351556112 351070068
17675785 17286882
17777264 17332305
350494620 350040974
350868302 350415468
351135176 350666438
352206953 351692956
17904531 17488993
353067404 352591031
352130139 351640238
352651215 352192383
350674532 350188774
17070664 16659141
17319644 16855682
351220651 350757532
351036675 350553683
351884372 351420528
17483088 17016101
17794862 17353885
17298618 16843957
17314068 16907481
351282924 350811594
353254860 352790316
353525707 353052482
17814501 17385098
17564050 17098781
351722977 351247290
352444845 351972944
17466217 17049094
353706399 353229773
17949438 17516168
352653057 352173080
355378417 354834668
18798768 18386437
18102273 17665578
359229896 358652979
17990581 17511030
18648736 18154930
357254484 356670175
352725999 352199287
356318702 355776410
352131306 351663179
17263582 16848560
351546243 351065908
17977850 17522697
17064480 16662530
17317100 16861619
350873984 350407795
352059619 351594810
351707666 351254569
17570384 17142375
17355911 16938261
17306938 16877849
17878034 17458659
351334478 350859490
352098124 351652729
351872841 351428463
351232284 350741216
18119232 17696776
351843534 351335427
17791472 17355557
17520903 17089025
353190323 352653084
350779024 350310797
356165253 355710230
352106129 351627842
352216733 351747515
17708206 17281274
350849564 350375429
352737754 352282761
17666269 17240203
352113276 351635897
353365491 352853033
17674484 17240968
356069672 355554082
17332577 16892990
352671503 352188457
17876471 17430113
17483481 17077073
354249360 353782409
351797580 351309234
351498006 351017472
352145311 351700695
351754682 351292617
351962709 351492783
351808793 351352444
350840049 350339272
350742215 350303023
351652327 351208385
17959246 17611736
351185338 350733996
17363189 16957014
351407953 350936886
357526979 356955610
352531472 352045918
17308214 16839911
351406783 350928343
351685895 351227641
17421161 17004950
351633270 351152994
351797639 351349464
350422344 349980408
354189113 353720165
351505494 351039807
350706534 350253242
18316789 17914216
352209569 351735877
350631829 350174337
16988568 16622576
17014792 16609165
350266864 349787853
17626447 17230948
352019349 351570398
17663126 17292053
17643716 17251834
17645822 17257516
351214281 350769022
17446642 17010169
17531056 17076323
351062173 350588897
350890391 350440405
351252987 350770543
17813743 17403881
351420116 350948086
350168233 349703204
351395590 350915060
17652604 17273453
17749547 17353011
351458269 350980250
17741006 17344110
350362099 349829435
351553508 351080202
350373556 349912319
17058516 16647799
17348154 16919973
355617807 355012187
355517074 354940282
17261372 16836218
350889470 350407700
351197297 350709315
352418651 351949104
351117362 350651683
350369019 349885326
17234305 16875184
351680883 351184066
16917818 16543683
17454547 17043989
351706777 351259426
17732106 17307492
351508292 351015100
351718806 351271489
351172763 350732347
17306880 16919966
351119681 350665081
351898863 351441303
351979637 351533255
350670765 350199251
350107185 349660446
17424328 17040863
16826885 16445584
17391934 16935867
352185171 351730600
351862724 351401276
349829243 349368524
17033335 16657272
17622473 16980274
351022067 350573576
17518420 17120457
18072369 17698753
349976790 349506784
350649568 350218870
351395360 350959567
350612125 350148821
17628446 17279387
350818134 350356816
17828435 17423289
17578202 17217500
17748905 17339424
17438207 17057937
17655557 17264746
16970699 16573008
17678686 17268216
350855642 350358453
350906267 350437586
350788223 350232778
351381921 350925820
351509240 351015575
17676604 17290543
17597889 17217418
17033986 16633745
351079309 350629830
350867504 350426021
350889524 350416312
352297100 351858106
17612441 17218244
17095655 16675754
17012534 16626268
351171501 350708734
350814990 350226897
17609660 17236521
357672727 357027522
351234521 350756546
349483596 349052505
350292291 349838458
349837904 349383880
17511494 17074703
351243444 350776534
351391722 350940986
17034099 16641173
17954024 17546570
351493804 351022511
350229791 349790439
17157113 16771862
16961837 16604033
354585741 354030052
352347538 351860949
351724150 351241415
352331292 351858935
17521778 17147754
350472196 350004658
17916996 17544244
17815447 17430060
17194450 16811306
349812582 349348499
351521212 351066865
17036474 16672384
350536747 350091399
350497998 350066929
352839780 352339555
351193301 350762057
17503965 17133249
352423593 351950632
354775142 354324863
353562405 353057688
350539514 350083826
351434622 350936697
17738312 17349580
350034836 349585426
17379418 16973493
350636215 350156860
350751051 350291984
350958832 350484111
350117645 349662827
351477727 351017496
350559283 350084928
350159491 349673348
350052891 349609192
350501938 350036504
350580078 350128654
17353419 16945688
350437622 349980553
351092541 350645328
349943508 349483772
16975341 16561865
17116701 16705734
17267589 16843672
355872635 355298514
350903416 350465379
17644811 17253582
351209973 350761269
351139457 350704108
350959437 350461615
351143829 350667714
350162652 349686797
17759406 17361253
350768148 350305748
17848220 17407130
17494679 17059898
17362124 16979572
349900527 349419526
17341151 16922100
16999810 16615508
351187020 350713039
352246187 351765831
350722249 350271084
17518448 17076264
350307998 349833255
350087702 349630460
350199600 349716335
17735109 17351230
17058656 16648987
350995434 350526517
350461125 350004766
353249238 352786051
350335821 349861100
17661447 17299912
350021698 349572690
351436570 350930887
17780106 17387560
16881474 16518279
350510631 350067461
17651868 17246045
350470661 349991379
18156542 17767673
17458539 17065353
352736016 352286152
17026613 16665200
350080208 349617197
352038374 351568466
349982871 349540035
17702707 17316243
350567033 350065440
16921624 16536511
351487016 351014408
349966474 349456865
17529227 17100676
17691715 17294908
351127383 350659303
351104453 350658917
17151185 16744988
17080246 16700590
17866714 17443614
349530908 349064926
351015755 350563807
351211711 350763229
17399333 16975068
354848613 354294539
17636103 17213492
17213447 16778973
350991870 350534510
350102837 349617094
349922310 349469564
352006808 351490856
17756212 17379575
16757605 16375716
17677346 17292868
350550964 350095713
352050491 351573670
352014110 351505790
350589544 350139327
355920465 355364138
17106865 16695503
17031902 16651318
17771245 17308096
17829271 17303172
17954493 17512429
354609486 354046325
17681310 17304245
17806619 17405852
17021981 16585225
17488758 17109450
351602219 351117639
17847320 17449083
17883572 17490841
17723041 17304644
351277759 350809320
17836872 17428348
350767934 350316801
350412444 349940469
17174358 16777431
350770302 350282537
17730036 17314147
17277245 16896561
17814859 17416405
17372058 16621219
17851515 17460013
351335372 350882793
351391853 350929866
350336236 349875796
350598292 350139777
17475518 17050908
352686105 352212319
351394291 350937770
351942557 351469027
352622783 352147680
351024711 350535903
350371864 349904540
16932529 16531397
349391506 348934217
349747827 349296625
17691616 17280818
349577416 349124233
350216553 349762429
17274193 16857606
17853051 17458281
17567156 17193805
351185265 350667652
16730627 16359146
350434923 349965668
17278633 16875071
357480998 356894666
17330474 16929714
17322120 16934113
352887005 352430153
17647051 17254564
351426106 350945191
350556570 350101284
17002530 16593849
351244914 350785475
351781535 351338649
17164858 16756251
351268073 350834832
17362121 16913643
352761799 352295569
351112997 350604047
17439230 16996572
352009223 351529369
18558768 18103509
350736990 350258033
17378141 16984782
351075895 350603233
351796142 351301147
17018383 16599674
17528248 17132937
17346302 16956804
353351205 352881561
17252020 16870901
355076029 354503328
350057793 349600774
17664252 17288589
351859760 351401873
351737883 351285159
17043552 16695706
350017575 349546471
351254135 350798514
17844516 17471416
350899107 350413803
17437331 17044172
352634942 352146622
351913823 351449961
17719411 17323733
17916050 17524344
350938988 350463659
17920245 17520391
16984013 16556195
352627460 352118140
17327502 16943155
351305907 350809970
350245512 349789668
350587028 350127701
350599737 350137407
352479341 351982147
17431415 17079269
17788316 17411706
17213047 16799284
351015649 350550581
349952811 349444330
349212869 348720845
17111937 16730971
17672404 17290446
354584251 354021185
16874091 16509360
350585159 350110246
351490930 350967027
17281078 16862809
350585833 350099729
355383456 354772860
17682025 17318920
17850794 17417478
350487768 349941347
350747881 350200816
17448601 17072439
351478463 351022830
17106311 16674410
350141659 349679846
16990262 16598369
17389385 17009529
17620615 17210343
350498617 350031653
350306553 349834801
17637685 17250091
350467993 349992777
350557783 350102943
350954412 350502053
350340091 349890423
17063486 16694767
17606688 17243172
352109973 351646009
17789888 17384250
351240509 350788365
17684880 17332260
17558586 17151179
17903513 17495243
17086050 16708422
350333119 349868100
17665902 17266816
351187585 350752372
350125239 349653094
17347393 16952481
350736734 350236060
351453025 351009666
17554139 17189756
351480365 351001027
16981817 16594486
350849436 350389918
16973120 16591221
350214010 349722089
17389517 17026076
17135761 16717905
350002430 349561698
17648134 17254178
16936398 16558788
351325133 350862325
17213257 16819615
350257498 349792150
350797242 350326186
16997065 16608161
350675599 350200552
352144741 351643872
351835427 351388160
17118190 16712833
17212159 16798066
350307340 349822702
352317312 351871305
17719602 17302474
17460504 17058608
16872974 16487726
17157650 16767750
350527011 350051453
17276660 16902576
352799033 352342995
17194764 16809797
350430114 349969102
17335105 16908476
351355961 350879898
352247139 351779632
351455913 350987699
17140273 16742398
16860820 16461227
350151409 349662552
351270698 350793796
17006362 16612281
17109110 16697932
17237869 16860964
349620170 349151576
350847670 350404342
351273459 350811122
351489441 351038646
352104115 351603494
351522760 351087857
17450180 17064869
350555381 350032589
353001710 352555609
352269141 351782394
17611871 17192753
17898608 17440393
17889392 17525895
17703294 17301478
350025612 349571292
17228348 16827348
353864181 353343280
349571324 349107166
351136018 350642601
350304647 349825546
350374774 349884127
350303094 349851103
351286072 350842164
351907326 351438291
17755412 17370220
17716956 17298905
351797184 351285154
349785618 349303810
349888932 349415767
355880966 355231283
350379298 349927148
17179673 16781438
351712428 351241605
17601522 17234275
350307243 349845640
353281688 352741633
17239011 16864748
17678365 17289584
17376239 16908504
18389290 17819821
351960198 351452151
350749998 350299083
17770156 17353808
350483592 350013860
17445370 17023003
17702861 17318531
17010383 16604501
350872423 350422290
17304334 16883460
17810141 17401998
17651876 17270636
17355214 16958921
17263104 16880258
17710907 17309646
351441442 350985204
351572222 351124352
17763718 17349778
17883792 17436709
351332853 350867020
17680535 17278898
355323872 354765414
350582621 350126345
17942357 17525575
352639279 352143309
17586516 17212384
17667518 17276022
17066703 16694722
17174260 16767401
352122649 351636579
17726771 17289940
17877016 17461285
352219850 351730728
350984458 350477605
352514505 352041507
17084747 16679893
351136143 350687376
352314483 351863147
349418817 348944425
351116517 350672929
351978844 351522633
350409635 349954390
351595705 351083808
17696729 17320884
17639150 17272417
17670756 17287765
17772330 17282620
350576952 350119649
16818519 16449132
17190867 16787799
350908812 350457825
350311451 349840946
17095843 16740075
17065602 16657001
17793280 17374435
17625155 17228258
17770114 17336357
16811571 16416019
351189288 350724757
351623733 351153155
350449102 350000948
351242529 350779086
351123306 350569583
351557707 351090542
351375747 350939009
350910196 350447792
350479489 350018439
350329530 349873441
350662459 350213429
17416018 16989851
17663668 17275407
17216263 16824767
351632728 351180181
17543066 17142970
359347491 351124054
350535339 350086416
350153417 349678685
17138395 16784043
18219365 17829869
17749642 17334353
17822205 17450068
349915792 349461093
17286245 16926453
17683427 17275094
350086399 349617304
351155858 350686982
17390196 16986093
350366468 349880523
18047414 17630197
351492442 351034633
17562037 17177698
350696285 350248720
350492076 350020165
350460662 350008860
351522814 351039411
353657374 353195271
17588332 17195864
16889370 16518876
17578884 17154695
351838024 350854085
17269732 16819232
17043991 16650550
17050421 16621830
351090664 350633199
17045014 16652600
350844703 350388296
16959314 16544400
17639804 17188572
350503400 350026221
17939216 17514070
352022021 351543862
352084268 351620619
17865384 17435832
17804129 17380197
351699592 351254137
17293615 16854530
352002033 351546751
17240691 16793364
17155104 16762140
17097738 16567588
351594364 351128957
350357522 349906956
16885913 16519187
17850382 17429731
351385972 350923681
16993933 16617512
17569593 17188399
17323826 16945061
351069720 350619634
352231640 351767542
351324000 350876539
351221851 350747788
351196825 350747124
351245336 350748737
17165285 16742875
17742753 17341281
351169802 350690713
357422721 356822730
17404876 17033279
349541979 349082199
17200552 16818254
351484184 350983860
17423709 17035096
16838139 16418532
351536421 351083685
351725415 351275885
352240628 351789505
351393102 350932746
354406241 353903051
356230032 355691231
17285276 16900971
352045328 351583074
16856822 16428471
17271030 16818860
351848040 351388205
350351823 349896515
350229358 349789953
18158379 17754569
350780274 350312046
352199619 351729184
17732018 17330866
350796940 350336082
352151897 351706607
16967049 16581699
16928079 16548359
17608643 17199057
17213202 16783111
16994667 16575107
351176074 350716989
17114870 16740326
352089075 351624398
358149550 357575884
17974205 17544924
351034085 350564010
17545495 17110780
17455159 17004894
17311819 16884380
18043503 17612327
17899719 17442496
352902121 352417187
17203463 16769608
352217990 351721524
17842906 17412554
350953437 350488444
351354824 350906797
17211721 16728628
350549294 350056651
350173115 349709392
17123313 16720186
18084746 17680865
17601409 17188468
350573970 350124846
17504143 17107750
17304875 16902032
17030877 16640785
17228863 16850656
17188425 16797080
17303425 16936557
17738864 17264500
351788420 351201440
351484898 351016868
18153281 17539326
17362151 16990243
350463297 349990822
350583718 350129048
351231114 350758936
350197456 349735547
350427751 349942771
350285242 349825364
356064383 355357916
351018439 350556947
350977725 350489738
349752751 349278890
17535714 17149287
350588050 350099314
17489268 17114788
349759958 349306203
351086133 350612535
350965431 350510144
350753747 350291219
17892012 17510165
351483306 351020465
17623470 17237700
350561060 350081599
17062363 16684157
17929442 17516420
351168958 350698119
350459153 350004576
350453207 350006948
349808935 349316329
350572078 350118327
349547032 349090291
351356216 350878264
351122800 350659246
17724342 17304670
355226689 354675461
350048977 349594361
350048873 349586121
17246034 16832583
351043960 350574433
17850308 17452705
350205678 349758131
350605477 350168693
349866787 349391717
17767624 17344213
350397905 349924716
351216201 350770582
17262152 16891496
349695656 349221698
17113142 16734938
350969207 350487932
17637371 17284385
352756463 352280073
17427169 17069071
351546425 351084068
17312532 16928972
17623372 17265270
350926701 350471658
350790013 350335221
351401334 350949234
16928770 16519004
17318336 16937441
17541231 17104456
351749165 351271124
17100772 16736617
351217324 350750774
17126647 16753849
17045763 16673060
16974714 16579302
350537353 350073918
352852387 352385099
351371165 350906374
351574842 351129219
17718725 17268266
351407291 350917621
17768326 17389305
350852409 350359577
350706509 350251595
350699186 350238893
350092662 349633714
350367569 349916284
351641713 351156465
351257368 350799334
351493075 351003535
351707187 351202659
351594189 351123969
17153750 16735909
351571962 351011958
17759764 17366163
350272283 349762687
350631213 350169599
17960047 17499251
17587186 17167516
351670577 351209971
17863119 17499816
351227019 350739781
350622183 350161591
350756104 350303972
17476201 17092956
17952142 17496613
351613549 351136592
351993102 351504956
355103361 354530206
352493351 352026895
17995355 17559356
17172550 16753248
352146533 351654848
353308127 352842565
351573992 351123111
355793746 355240597
351056670 350589876
17828877 17419668
350327830 349864040
17087206 16675956
351805686 351322826
17033138 16628783
17647203 17261177
350219880 349757550
349757032 349255720
350223730 349773249
17451992 17017323
17372324 16919724
349814662 349339068
350694687 350246938
17648844 17239493
350274533 349817278
17395934 16984768
17709400 17299212
17518912 17126086
17979644 17568033
17496455 17046781
17507912 17069618
17837362 17433980
17362333 16840793
17945046 17399186
351901717 351408056
17442301 17007753
17890534 17500637
352702076 352212951
17458971 17005429
353398322 352934640
352827927 352354084
350446802 349971046
17772180 17347292
352107332 351613778
350428220 349968079
17218694 16786620
350769770 350306963
350696314 350248629
17820047 17399965
350148932 349690891
351022522 350569195
17676723 17267703
350145162 349661472
17058040 16684543
17422145 17049168
350381063 349916681
352516754 352060686
350627284 350181051
350918185 350409066
351917061 351416180
350355924 349911892
16923403 16552171
350847155 350391668
17417139 17054700
17106010 16685000
16916084 16541092
350425693 349956597
17718299 17305084
351366573 350933605
17684967 17298842
17586460 17216522
17640213 17272837
17517177 17125460
351603211 351147080
351018086 350553797
17371734 16979016
351049773 350538500
17570399 17214085
16972746 16572815
351914720 351456110
351510975 351043875
17820501 17409073
351104999 350633545
17529226 17127636
16967643 16566983
350898667 350428756
17721978 17318536
350434034 349974464
17582413 17191751
351587013 351126632
352171797 351697507
17994379 17578987
351540465 351085114
351038177 350558079
350552837 350108298
350708332 350203001
16845722 16422111
351615833 351144429
17524559 17117948
17221024 16804171
351263550 350813289
350913444 350450603
351715362 351258809
17430365 17043589
17669848 17280034
17596509 17207742
350934737 350471824
350919606 350462379
351407159 350897258
17046613 16629967
351066001 350594258
17600735 17232098
17435787 17048462
352601156 352136194
350841774 350343433
17508776 17144129
351107205 350638933
16997124 16588204
351022154 350563484
350980993 350536559
350523148 350063034
351561660 351118916
351320358 350853701
17338323 16948107
350102634 349658729
356610626 356068081
17233484 16856112
353187061 352695842
351699844 351247427
350952994 350497488
355847518 355274321
17584784 17191591
17797802 17394509
351473124 350989957
351233935 350743856
349863455 349408280
17461052 17065494
17106446 16688908
17338757 16932158
350520199 350071686
350253533 349781752
350024197 349556659
16909052 16492668
17276733 16867815
350385828 349938574
350591051 350136404
351546161 351080145
351497043 351039459
350340136 349873508
351430641 350979009
351897122 351429784
17179980 16791054
350788675 350327784
351201668 350717596
17877851 17474670
357325486 356748307
353629009 353111606
350595549 350138285
17258259 16814134
350035960 349575268
350773799 350330635
17468458 16781156
17460520 17018161
17354761 16930427
17583824 17201531
350438253 349987253
17719328 17308017
351051341 350591438
351045381 350508346
18011609 17550765
351350605 350883927
350808794 350343150
351220169 350764984
350613338 350153296
351723380 351261424
350308188 349860334
352476375 352012638
350359159 349923978
17646001 17253693
16985966 16580212
352821157 352359662
17783042 17408020
352341937 351833577
350625608 350162913
18031823 17637850
350877528 350395375
351047430 350595294
17642131 17266122
351528846 351072750
18067387 17534018
17450216 16898990
17612416 17046017
351008834 350402675
17536417 17122254
17516679 17111961
351678863 351210276
350531481 350078778
350751517 350288307
353796115 353287747
17394600 16971416
17831269 17394863
351181329 350703555
351285777 350696781
351734276 351293970
350088266 349643057
352018098 351571693
17706157 17271763
17803772 17379807
17125609 16695859
356742273 356204502
17748465 17359933
17336067 16938714
17851292 17414237
354933076 354438154
17927319 17476686
17660136 17257424
351960394 351488751
350328481 349870391
351093761 350606528
17689927 17302704
351179882 350682312
350590310 350127571
17441071 17042655
17904695 17474614
351073636 350582125
17829714 17392892
351535724 351078614
17368294 16947098
17602115 17204810
350765654 350293868
351353934 350891167
350733800 350246627
17792838 17388286
350865370 350421293
17877621 17480115
351381661 350919927
351376318 350909457
17616151 17180292
17896504 17443214
17202358 16791725
17521601 17131713
352140725 351648857
17932765 17515878
17897511 17487607
351098510 350650360
17063178 16675025
17552901 17122101
17420198 17051074
17779909 17393092
18168868 17743645
350246018 349796104
351714894 351252726
17907256 17513336
350590300 350117547
17814784 17380681
17509793 17054699
350082572 349639752
17403253 16973127
350562661 350078985
17754734 17369052
351467574 350900181
17131071 16742176
17148147 16757536
351455130 351008987
17208223 16771332
351335353 350872251
350969944 350515629
17806093 17381677
350201714 349749578
351242384 350773888
17670963 17289474
17276365 16841450
351433547 350925814
350197570 349743663
17377824 16982687
350713346 350259070
17693556 17308427
351134689 350656277
17453191 17078256
350272034 349820996
350617886 350175867
351606071 351143964
17039409 16650385
17900804 17476364
350606519 350151245
16973738 16581872
17518046 17125077
350474370 350016689
17085974 16725451
17540730 17138009
17735734 17348866
17431981 17054954
351342589 350853793
17184497 16787383
351038807 350596504
17236789 16840843
350352732 349883614
17989110 17619748
351130781 350675831
350791964 350332181
17799881 17401010
349999668 349542948
351012907 350521731
17242895 16865405
17462474 17094507
351296487 350832840
18187577 17750697
17035263 16636208
17302712 16901996
352608139 352150873
17342460 16956279
17069302 16706775
351537702 351086001
350883239 350411695
351695901 351203629
351995330 351544647
351420361 350989119
17798004 17388409
350050773 349593446
352566749 352127975
351015255 350545644
16997188 16633695
351050736 350611697
350864445 350423923
17525983 17132292
351366143 350816082
17360283 16925016
351941119 351447170
350745154 350288079
17040291 16649997
17128945 16718982
351789628 351323803
351461580 350993544
17362673 16990308
351711278 351218962
17148303 16771209
16916217 16560228
17053254 16625302
18002039 17585136
353076457 352603327
17770314 17374111
357713055 357104720
17071289 16701882
17374166 16911979
17227253 16824109
17193715 16752649
350539421 350078730
350203945 349708484
350745351 350307774
16964625 16576309
351325140 350852142
17730310 17346705
18113880 17631641
352113829 351659451
350852581 350393963
17794699 17416267
351957846 351496745
354121510 353596815
351264376 350766267
350408404 349929352
17323666 16931755
350566615 350113679
351300792 350808724
18013424 17584578
351369022 350881576
16947601 16547055
351143119 350654332
17908806 17520646
17230282 16813165
349862077 349416078
351319898 350863380
351864888 351382188
352422658 351961010
351018939 350544432
350180692 349724972
17371402 16982447
17256657 16861936
350563673 350103329
350883757 350429573
351173000 350732048
17386488 17016430
16926310 16544034
351366084 350917030
351931793 351455687
349522680 349074329
350365243 349914307
351184045 350751772
351396492 350955355
17747643 17359964
16910140 16542116
351578555 351100903
351718893 351263673
350362787 349928110
17515491 17086420
350761937 350295768
17421873 17020607
17733794 17298056
17115478 16736914
351539749 351068423
17411734 17052172
351294704 350820394
16963935 16575673
17618231 17254452
351185951 350730534
18662527 18248044
350076224 349577902
350296746 349840101
350781039 350300055
350826157 350368569
17056271 16640028
350981723 350494560
17761539 17341540
17081912 16689152
351152806 350697733
351036010 350576569
17427090 17040496
352675731 352062961
351507384 351034207
350998725 350555217
17952589 17553073
349965840 349528953
16971096 16588141
16903190 16521713
17442663 17032401
351160710 350715736
353691162 353188013
350769944 350321533
351675171 351217167
350301074 349848090
17752545 17334150
353343340 352830604
350487154 350021795
351096268 350641326
17227281 16802474
355300866 354750735
352320928 351852666
351955298 351488624
17656455 17285135
17700332 17269242
350607103 350133813
17297184 16883114
17123838 16719563
17193656 16831486
350765958 350304363
356476773 355907639
17152538 16786278
352064610 351589949
350133396 349660490
17115233 16733285
17397550 16985198
350202875 349763135
17709091 17302090
350275872 349821344
352811730 352382019
351949266 351510119
16780681 16409061
350242843 349790855
17871287 17450758
357900209 357328654
350693961 350215451
349943885 349494717
17418623 17042172
356967921 356400717
351793763 351339796
350486521 350044518
350192058 349755171
17945712 17539463
351227442 350759779
17270075 16901026
351137130 350676802
17640966 17255769
351302116 350811511
352863518 352415096
350169731 349694158
351675109 351205044
350283188 349829703
350877331 350380387
17385465 16954051
17504870 17102116
351136751 350656894
17891181 17312812
350608719 350001790
350920352 350259436
17597091 17188306
17163542 16788400
351994647 351507847
17480865 17104044
16984181 16600362
351718977 351258206
350303020 349834311
350495521 350039167
17712274 17314252
350086079 349634940
351341167 350895094
351182370 350731750
17645014 17277740
350195796 349745335
349662617 349218567
17307921 16946697
17624776 17257102
351594274 351143767
350825816 350377464
17093126 16715765
351624840 351183503
17038408 16638176
350198577 349725593
17668054 17286482
351398857 350914611
350507148 350058240
17506079 17133009
17025794 16642522
350463434 350008341
351518659 351032477
17679945 17303920
349478694 348926235
351133757 350679618
350917705 350452552
17842377 17476158
17239451 16802760
17806637 17416012
17076577 16646669
17695634 17297836
350122664 349655221
352510603 352031725
351460746 350999409
17678203 17283799
349992609 349528809
350623667 350160367
353471794 352972478
18039333 17563819
16931596 16569360
350514501 350047499
352632596 352143834
350903875 350456644
17470843 17027600
17345111 16919875
351079814 350621666
350925160 350471458
350002910 349552393
17397898 17016943
17382868 16973886
351120239 350670945
350651690 350182895
17163666 16684003
350531528 350053329
350806815 350311871
17164026 16763116
17414235 16986076
349665777 349213896
355277552 354713373
17825118 17429965
352448693 351975364
352063136 351577894
17061941 16687745
17072304 16665818
350556049 350086639
350374194 349903310
17333657 16942947
17786251 17369618
17771172 17379136
17763969 17410361
350324420 349856102
350409951 349955385
354552877 354051752
17364608 16985408
350421086 349936263
350995723 350543190
17423386 17008785
350666150 350207846
17111150 16734301
17088399 16674042
350544037 350070152
350333932 349872908
349762171 349314172
17128018 16737528
17359317 16961608
352231018 351779571
17123203 16729025
352360254 351884685
352024523 351523052
350690883 350200358
17717035 17299753
353276355 352778785
351942115 351483940
351023911 350546202
350781292 350328666
350077937 349619365
349666906 349223793
17263336 16854566
352160510 351705654
350204463 349747028
349937449 349445512
17697616 17294310
349922907 349418154
351003195 350542635
17661604 17305243
17402332 17019592
351104754 350633972
356041396 355470937
17338241 16969921
17329321 16916934
351013406 350583171
17916519 17499797
350583839 350134052
352625373 352148646
351159402 350728419
350458532 349986477
350462456 349982764
17757730 17325322
352122051 351648128
352542661 352084167
16956603 16583746
350635009 350093459
350406940 349967555
352049016 351571794
17545914 17197642
16885139 16527893
17010768 16634424
17696022 17323976
351552192 351089113
17438183 17067504
350836839 350267928
351385400 350789093
351147154 350668747
17770958 17397681
350866329 350417662
350435505 349962596
351305121 350847049
350387235 349949045
350230346 349767435
352878588 352360726
17514658 17106882
351475759 350997794
351802450 351309172
351116567 350623066
351435910 350977785
352360422 351911876
352056123 351598668
17116130 16728117
350383725 349921162
17397916 17054680
17590055 17223242
350006785 349528556
17247017 16852927
352142093 351725748
353810885 353316332
350943079 350488839
350406642 349933036
350639446 350187624
17683281 17291942
350692055 350194767
350336903 349859189
351207881 350529784
17764430 17315508
351619755 351142826
351349199 350900911
350563123 350120486
17717495 17323733
352168915 351688196
351123774 350628018
350029399 349519223
17304280 16891503
353986410 353475336
17811974 17403090
353981941 353547381
351557920 351082321
351700555 350999508
351010006 350537559
17448322 17079813
17870925 17453993
351039147 350602544
350648498 350172188
352445353 352016058
351184722 350748305
351136150 350673985
355946705 355419486
17399440 16713407
350772335 350334419
351060728 350647351
17450942 17066070
17391545 16977816
351421992 350922135
351797749 351372755
353623300 353213959
351836861 351404061
352619917 352201584
17311970 16985819
17802726 17403917
351972440 351545731
17744975 17389246
17472809 17094877
351554350 351142458
17389400 16941749
17685916 17325473
353961271 353530257
350793625 350371629
353128976 352644200
17446107 17086296
17844670 17511620
351196034 350720852
351095048 350692404
17580337 17212218
353793341 353291977
352740866 352330925
351341880 350936087
350638144 350238921
351605970 351179820
17682975 17324815
350784915 350305879
350128039 349690673
17677963 17332991
351483688 351033442
349846337 349437631
16969178 16637196
17109724 16734904
17745887 17410403
350199043 349786585
17707819 17285111
350490189 350090504
350591829 350148912
349968756 349578044
350330530 349895237
17814573 17432377
350059615 349632515
16894759 16513732
17646669 17290455
350678280 350254384
350728750 350322382
356855581 356341808
353340337 352890359
350682608 350278670
17292381 16978580
17065800 16714270
17264869 16916071
17138813 16786889
17470142 17096987
351999067 351553650
350301088 349899473
351939807 351488490
17214754 16868816
352224539 351816039
17713585 17348775
17633158 17288230
17605053 17252522
351563074 351133487
16859563 16504683
349885500 349469162
350338417 349922390
350290752 349889824
17344269 16997900
17402502 17027544
349851131 349412817
351952162 351555255
17546164 17225052
351303053 350826519
17465937 17133887
350516760 350096685
351543439 351102080
351218602 350820523
17292210 16956663
17211276 16846318
351631468 351219918
17364892 16973045
17066268 16681147
350918759 350509513
350362659 349956059
17197724 16863949
351674188 351238918
350154310 349695704
