99013874 71159719
49580127 48942659
36623799 36048720
73470395 72589947
55187477 54519896
139283002 138546998
1248825579 1224492147
1353335622 1352451978
1462262261 1454051125
665185632 663695077
154179018 153509095
1538186647 1537386460
1525582568 1524781629
1433121392 1432432682
1609520109 1608713537
46244573 45679980
73868638 73297968
1707175955 1706390283
93179325 92628287
42303215 41658627
46346232 45840302
2076331545 2075527056
1350114679 1349359377
392339854 391417382
1396854245 1396073190
52930273 52329897
59294504 58421313
63037241 62392954
1604032268 1602855324
1690221135 1685558184
51970720 51418012
1401720068 1401025971
1465978957 1465352171
1436608965 1435960139
356434202 355916117
347383109 346761310
1506090807 1505370951
53386995 52922872
1569196373 1568379087
319710474 319147601
1331074708 1330515790
1377892187 1377222435
1396312385 1395545507
1424366957 1423713502
174304199 173716217
31870725 31356034
52275222 50347423
102599067 102045783
1268242859 1267623676
1449198285 1448502699
1494585284 1493812808
206491282 205923009
1626748289 1626017690
295742859 295155892
1456059132 1455407090
43590369 43078226
1577207216 1576469756
78928554 77974751
1445732506 1445151820
1549331586 1548700371
1535772075 1535070906
1434673506 1434047836
1443609619 1442984187
1701965040 1701246900
1385651384 1384893075
315509976 314658440
54236280 53722699
1447275123 1446699110
56239270 55377203
43518620 42975791
1679647049 1678923573
1699211987 1698321333
1425858392 1425121469
1673714860 1673107785
1604384008 1603741098
1791867564 1790876459
483268325 482662743
333130098 332499933
1495961095 1494865026
83737399 83104159
50577371 49805095
43024528 42523579
1439370337 1438809283
48231780 47752003
39590255 38803823
71374002 70720522
1516064867 1515479896
1604206827 1603341495
19472654 18943885
58955019 58170152
1389347827 1388760442
55573440 54925148
1571141633 1570557205
1506867512 1506247332
118991401 118331819
168816734 167878321
55546790 55016066
1334979134 1334370766
467646144 466827751
1377332424 1376704893
89401708 88841838
1355901620 1355364622
1402677210 1401903295
1427855889 1426903231
1501197925 1500425537
1494468971 1493886676
167377621 166880236
1676856879 1676014380
405414400 404839872
1967644822 1966969599
1461362064 1460216783
325737811 325146998
1466344681 1465695112
63416593 62671783
1371269122 1370654193
1626761297 1626136522
1628701674 1628123461
1610889783 1609521445
279919376 279392087
180178879 179606785
55263243 54675117
1831922769 1831249520
1788781812 1788167027
1329053960 1328261250
1455620504 1455073344
50481157 50003030
1386456051 1385304679
53042942 52524593
1531877919 1531168380
1481064849 1480496437
55143164 54699951
105131827 103515723
42219994 41645699
1377275597 1376651455
1464263025 1463528592
238718678 237976822
1690540984 1689966250
1781238678 1780646446
1446481158 1445868914
1459716561 1459031905
158625306 158211895
1472356830 1471777209
1452840245 1452293775
1561883154 1561247261
1495827593 1495206281
1580983173 1580316297
365490845 364861709
1774871428 1774157497
1704723097 1704165181
1436291673 1435707833
1451160019 1450595723
1518818584 1518245108
160235194 159761086
1571045369 1570249477
1678724934 1678172835
1595441796 1594717244
469299104 468781099
282276214 281788646
1551661877 1550545765
113792380 113353976
1691957580 1691233763
100003463 99479975
141058340 140425055
39307507 38765091
1712987285 1712387243
1634127483 1633537175
52091120 51565924
1328996528 1328526467
1497719369 1497144473
46154989 45667038
89170660 88658013
77556797 77070201
53506948 53056305
45015903 43619683
1697694112 1697162906
1470391715 1469731264
1380547659 1380018411
1389605858 1389112135
215972600 215405304
1405928625 1405345437
55332430 54823294
1417090671 1416592700
46184960 45671397
1393256595 1392802780
44382157 43970876
77078721 76487930
46600521 46191849
1371421586 1370886107
1354870443 1354093535
1711490818 1710114164
1952585561 1952051457
1422097905 1421444634
1359667844 1359116556
305706757 305184138
1408227813 1407580417
52407338 51917422
57640599 57190649
45214974 44864418
1328057273 1327269587
1430360576 1429860311
58089942 57608986
81065000 80698109
1409974779 1409513417
56273485 55901424
37391437 36957209
39974556 39533270
68697803 68243199
1657793907 1657283602
50213457 49676416
81029096 80511255
48571183 48045974
1803213034 1802634330
45659670 45183905
1493754899 1493194155
289763608 289268968
276911858 276278559
1413554641 1412922700
1440668764 1440121259
109550585 108755386
1313923340 1313412495
46355381 45799159
38653794 38004273
1396616219 1396140103
1403785032 1403263388
1423060324 1422418330
287736947 287019073
149397386 148900697
1396649185 1396034013
26131932 25410490
1397499796 1396992901
1484609619 1484044470
1394843802 1394214007
1387878869 1387333380
37925060 37450610
1402427272 1401664013
51939133 51325998
49669764 49179943
1412648287 1412116426
1434984718 1434449160
1434133841 1433531260
1642372696 1641821832
175533258 174902520
1848830478 1848042034
107593930 107111378
1610830403 1610272605
76414918 75880573
46406215 45847181
64071836 63608116
67329559 66853945
1460594518 1460094915
1398411727 1397803636
52528541 51279517
33926179 33484256
1631192969 1630564273
108037679 107580722
126980794 126276691
1466081871 1465526674
1395450974 1394894776
42015107 41542942
1343646590 1343128355
41338435 40881670
42487695 42044572
46704955 46229751
1187942341 1187338508
1207418947 1206578320
1114409868 1113862424
298050646 297309076
50203693 49609642
38947223 38464414
1298862191 1298373837
1413016319 1412541629
1431096973 1430670758
1286455194 1285740576
1369409907 1368932832
38821066 38028253
32235869 31802271
57687227 57317496
45397354 44897473
1501287258 1500481701
45749428 45294364
110788879 110067906
65813896 65106908
54017414 53551927
1265017945 1264539065
1274694336 1274052050
45933194 45457291
1592128652 1591494136
221622054 221101753
48054402 47341222
1708582043 1708093130
55873198 55364068
1420405095 1419875255
1429911412 1429347578
1327386048 1326990804
205718682 205000640
1288046968 1287308790
1289520718 1288800343
215179489 214551068
44122552 43549478
1365527388 1365028820
1423516160 1422922359
1424454518 1423927710
1582800861 1582272678
154771346 154267011
212766584 212243983
1410329940 1409849104
1438480574 1438071168
1445564903 1445045917
37635761 36991755
42315254 41927504
1294916964 1294379335
1325393578 1324802346
1723744088 1723112328
1718183721 1717722124
1396024403 1395474291
1439937579 1439459769
550130460 549646906
1370316226 1369972665
1445063693 1444523319
1396807567 1396074500
43891353 43299881
63752715 63286935
1387737376 1387250638
47641972 47165011
1533170871 1532364354
1774806889 1774272607
1841775275 1841213123
665851200 665392884
599521430 599055222
1410445873 1409839078
53174474 52738211
1426429272 1425889135
1366736015 1366153448
1346630152 1346128099
1377532500 1377097707
52976701 52468922
50332787 49806864
1570203864 1569721136
52077383 51578209
1590566466 1589907008
1419163515 1418681385
1354905352 1354489671
1432386995 1431883800
1401377115 1400810892
1466707197 1466112882
1361997370 1361485687
68936237 68433761
109287764 108833752
1346080775 1345590407
1414433402 1413833911
33878186 33474808
40773069 40343886
44697749 44149639
2112806247 2112295461
2155059014 2154466578
639362577 638897939
1394283654 1393714525
1406826812 1406330520
69380984 68884840
1372594662 1372056348
66927373 66514780
1337844783 1337430010
48415985 47939088
1352576808 1352021083
1460985317 1460130270
2075785906 2075190157
854320783 853777236
1524948498 1524477954
1579002678 1578464150
1578970089 1578531885
1519761858 1519246346
1595193596 1594643261
1625007123 1624457887
136531113 136081464
1771008245 1770054122
2145998096 2145406824
1461908623 1461207547
1442712195 1442101628
694449679 693948724
49509447 48979126
1441667500 1440930782
1440519277 1439856472
54226511 53789078
58384967 57941356
1513253168 1512636485
1465302415 1464732884
1464703370 1464134941
2151968559 2151348140
1409606843 1408891445
1361277993 1360793901
1396299493 1395837278
1383634756 1383105367
42324886 41763993
1392101851 1391430344
52994458 52549068
44664951 44208165
1459482845 1458970367
69290926 68851563
1507852927 1507331577
46847271 46400828
44201435 43783097
72727114 72180185
47870972 47450221
52828590 52328464
48156749 47833790
45631082 45235673
2063795619 2063131121
2069524972 2068953229
281373705 280921627
1416699897 1416191355
50439196 49994234
1365025845 1364434745
76730154 76339894
1389265199 1388783129
1423200955 1422670507
1412554517 1411799558
379112132 378634136
1403622714 1402850910
307708373 307169322
1713743925 1713184042
236312594 235771725
1415616067 1414925092
1412038375 1411476131
1570914476 1570386315
1472130884 1471622516
45546133 45067901
1594911147 1594381622
1413881061 1413347827
1461293958 1460729606
539086556 538594226
102596582 102066773
1593632472 1593032780
41457967 41047196
1394368898 1393818287
40548276 40041299
43594855 43059259
1566215142 1565702637
99076422 98267610
1580054215 1579335886
103831315 103371381
1346209273 1345762227
55769937 55211819
1457342647 1456718790
102633362 102033148
1986080412 1985239347
565732816 564758859
644342989 643645302
80746504 80275695
1526991593 1526483087
52982025 52242370
1550683815 1550284283
37850871 37314058
1530892056 1530374911
51304761 50714732
1444456338 1443730870
1435746624 1435298039
1577476848 1576903670
1510872624 1510125894
117913930 117355675
49748400 49289425
1372705394 1371931422
1332840068 1332226324
622526123 622011818
1366573365 1365786881
1440809544 1440244529
1498472940 1497949904
1396066263 1395529609
1434617711 1434015752
1440137193 1439611891
252503567 252027631
50243918 49759336
1901257700 1900525177
1471454449 1470806436
1458763150 1458276407
1522262264 1521745859
1516994991 1516148007
1411964282 1411493113
45268514 44754571
1675158139 1674637765
1366315066 1365807626
1749902509 1749379406
1823987227 1823432256
1624577469 1624055804
1531593175 1531064537
1530026619 1529522577
111375107 110826625
76421160 75944300
1449077456 1448295197
1543659868 1543139091
1557853294 1557286133
149020408 148452630
1853495973 1852892203
469870972 469417698
460198818 459662878
1901317177 1900791818
1580459458 1579904555
57513728 56988119
1470306698 1469782081
49663740 49138744
46125990 45670712
1407267984 1406783295
1371265662 1370729270
41630372 41085930
1390655590 1390177617
55813366 55357560
1390869294 1390374423
117016565 116558163
118804481 118352076
1393828289 1393214335
1344841635 1344373608
434138640 433680988
32927521 32459926
1485605509 1484996372
73517273 73112974
1380572344 1380108603
34100475 33682585
100608249 100055180
1386227746 1385600838
1362895144 1362404403
1447490609 1447023566
1427607958 1427159552
189708961 189207263
234426272 233955916
38976950 38470506
67129372 66682648
60298120 59883144
1869033793 1868516128
132068712 131590549
87434014 87005228
1452199171 1451710418
87307184 86826729
1476656247 1475999532
1425216025 1424669229
1446945733 1446463211
1378555203 1378004244
77009686 76593609
48266927 47789568
1394934850 1394288277
45745024 45332105
1339479920 1338955907
1351151660 1350621702
1479440380 1478916459
1426448854 1425937674
1378269582 1377809403
46394933 45897807
1404390521 1403861064
1421998331 1421591162
1443530916 1443008276
1644097845 1643533136
275631748 275170304
1964570141 1964028818
1828634575 1828051031
1597147051 1596552722
231836785 231363570
1420604135 1420080835
1506043240 1505484695
1626711893 1626167518
143089070 142589136
1429497572 1428956545
1755058535 1754566036
1836298080 1835723108
1925319066 1924631469
388497927 388044622
1403528630 1403046226
1608317805 1607773946
1766720718 1766170136
1521140927 1520621585
295797939 295276225
1650915983 1644037906
41190229 40764440
1811917641 1811415715
64246912 63130042
2001914930 2001341764
1467530153 1467052781
1429131154 1428624217
1487729640 1487183122
1713659742 1713121587
1451623543 1451155785
1438311954 1437796163
181545083 181089790
1585177788 1584670054
1467814803 1467280289
1614295281 1613737203
1638595686 1637956007
1534149542 1533560758
1665866375 1665312282
278837104 278363192
224524761 223998793
48025395 47484743
1821695862 1821157242
51172235 50753932
1495915716 1495395962
1431643953 1431224498
98666050 98220663
45149804 44682338
1542740080 1542288000
62797135 62344096
1586700759 1586191596
1651340837 1650803879
197063063 196557718
1608833135 1608290038
1457926142 1457437748
509236448 508693667
1429485093 1429023664
1329917473 1329412536
485600733 484945063
48403617 47984112
1451822813 1451377968
1354069604 1353619473
1360232835 1359865280
198568121 198173956
1486452859 1485936342
1316081126 1315601824
168702492 168294733
50345733 49901939
63350363 62952526
1361643578 1361158287
1365410276 1364880025
1436855704 1436334859
1408204384 1407702155
1481736283 1481173652
1555102523 1554563647
1313645503 1312607273
1664651218 1664248432
65208264 64768144
1852189339 1851677016
577439519 576920572
1920608840 1919995153
1625969610 1625443664
1626447801 1625887517
1637346049 1636681743
1548112736 1547536361
135359254 134916511
1434404462 1433863137
1375337451 1374793994
1933785271 1933240961
1402551871 1402102645
640992573 640436007
1490301016 1489737149
66251389 65818627
1528962694 1528526214
47670308 47212656
1498172199 1497686558
1404186273 1403707569
1394022207 1393503717
170830925 170414119
102390264 101952360
1441419021 1440982444
40224746 39819107
41961154 41552405
57505370 57009809
1963004351 1962504649
1410492301 1410049312
1314440151 1313889975
1400374698 1399958570
1346058908 1345621824
100272668 99871445
53359876 53010064
71012607 70609779
1336538676 1336034865
1338304777 1337870912
50002008 49588750
84854515 84404389
43022043 42518857
1410208389 1409738361
1737139717 1736636531
1790096794 1789555074
434449148 434021024
105713700 105306657
1660573349 1660043961
1390477090 1390024332
1479389082 1478872185
1410965260 1410382878
1485144705 1484715531
1525808265 1525270016
1735714101 1735149577
1413004218 1412551891
1363244080 1362759915
1464533497 1464062246
200498956 200101243
1521825180 1521262906
1532518009 1531983723
344790457 344349613
1639072324 1638492856
1488024193 1487592449
103587395 103199716
54663809 54122407
77166278 76721395
131604971 131217900
49010720 48511624
1702456021 1702009632
38314189 37940417
35615474 35208835
64194204 63719006
1873413553 1872896659
45563087 45154379
1383789470 1383288849
1346724143 1346239588
61206161 60725526
1389386367 1388870161
1583767128 1583191734
1335076404 1334523446
356944924 356487546
1393801855 1393363557
1387767655 1387050786
505687295 505242764
1421720119 1421255844
1374837062 1374434332
149841065 149277790
1405740909 1405271637
1374546814 1374079032
52020403 51656016
1620542982 1619982088
181946091 181545504
1296762050 1296198386
45072708 44577158
1854554176 1854045248
1386814254 1386329135
560263510 559788217
45639057 45209044
1497298477 1496822503
71189771 70700049
1390651793 1390252671
1426776245 1426272683
18017852 17601162
59964190 59609387
1387529968 1387076039
26158506 25697291
1300371850 1299823633
43322616 42985147
65022171 64693894
57279391 56853690
57837515 57450347
26802691 26372692
1333581188 1333128817
38005361 37601239
60145745 59687528
37852339 37413000
41964098 41584538
45578935 45167620
38989345 38608979
1778961238 1778422277
205863669 205321602
203508505 202992324
1289224625 1288816347
29933614 29523826
1332655111 1332185252
246119004 245650833
1367039362 1366486757
1373773575 1373339052
1396160415 1395777033
1463097389 1462652903
1512052468 1511603482
1408652171 1407985229
1341430535 1340856259
252527611 252096919
45375933 44919113
1641570007 1640985975
1438989615 1438540413
1384220972 1383616789
142017427 141390742
1571241937 1570784908
1507904419 1507257850
145295668 144596248
1666455903 1665976067
58158127 57771124
1835974075 1835532665
297595357 297154129
1475357439 1474903862
1560037233 1559608864
1532723182 1532081154
1445514571 1444997481
1464580747 1463934016
282463142 281734663
1634278915 1633782842
73694700 73150152
1537454627 1536828229
1638019010 1637523216
286130517 285634082
1648275354 1647796638
1593639248 1593175833
1786341477 1785856506
331352003 330944008
42005897 41517563
1665371486 1664948796
1362266677 1361784543
1439567116 1438954857
1455828319 1455324055
1611976707 1611441341
416660242 416170680
1539057507 1538551175
98146210 97656631
1492122984 1491579372
182095183 181609470
1397301827 1396849240
1407444527 1407018777
191909552 191490729
30630105 30182959
1405251088 1404745022
69970969 69615913
78137961 77782543
1560967117 1560401674
46265932 45802915
1464199168 1463751072
112098868 111678341
1582027133 1581504476
1366367225 1365859956
383857152 383344714
169136895 168647597
54298758 53911831
69198884 68718336
53294285 52859900
1396734357 1396228729
1437162687 1436675018
1422101753 1421554245
1403350341 1402905636
1407492592 1407035801
1417526403 1417100791
1613706980 1613231607
1466078992 1465538677
1425642012 1425182476
1505827364 1505383148
1386155817 1385697965
95235917 94752013
1383178606 1382709223
1428420667 1428003283
42810627 42362789
36106814 35647190
58558783 58134116
1564525108 1563950608
1632689016 1632092796
1746999865 1746509304
2121873451 2121331192
1424080730 1423584954
1403655251 1403121263
1449753661 1449155592
1481106109 1480625978
298914081 298418888
1492674760 1492235393
57275270 56796465
1349460728 1348943927
52283519 51913248
1776137860 1775569397
1881275775 1880749192
1533042019 1532549895
1603003257 1602426647
1418800310 1418249015
1404241746 1403708405
1381330115 1380792364
1405397685 1404974216
483032036 482570595
1740712451 1740162030
1853716409 1853211564
1684484361 1683854795
316411119 315915113
92440226 91934214
1571351910 1570806345
58957642 58436078
53825668 53300880
1512449378 1511862944
1398772740 1398230603
1393322799 1392754116
1411550264 1411049126
48627097 48115722
1652510106 1651974309
160077684 159547391
1945964959 1945170884
193397607 192899714
1412346811 1411841376
1332199214 1331665316
1422505088 1421975683
260528668 260108883
42046916 41568099
40487391 39995799
45710545 45226138
47906758 47405999
61941106 61450737
1655550481 1655055101
35701735 35197129
1527841221 1527295904
56467868 55983741
1481312849 1480712487
93595182 93091069
97182762 96701659
1448368115 1447803980
1570740586 1570153728
1402752301 1402220904
293693222 293228251
1423619802 1423190923
386176228 385679946
1404147326 1403596223
1372545385 1371955922
169190885 168692051
48070389 47640936
1413159459 1412590098
1446910011 1446371994
1440050098 1439557939
32554218 32093584
1641040098 1640562128
1462688683 1462162891
1762901453 1762370046
1527311800 1526811653
546661888 546109045
152642564 152162215
1443163075 1442702606
1394689856 1394242722
44858103 44371808
1454185509 1453789457
47276997 46801386
1364496155 1364036107
1370251741 1369764629
49065528 48559465
1652033630 1651570270
261047441 260513044
1931945344 1931434419
320359130 319855168
321042039 320520197
1285018210 1284509477
63828630 63370886
29769594 29238802
1392833632 1392342415
1394540037 1394024140
1401279011 1400773312
1422806573 1422299975
1482139418 1481570698
1557134344 1556572711
1382095251 1381501399
1418581202 1418043793
1458668297 1458216730
1588219310 1587658421
1512110828 1511516572
1375584458 1375006147
172028117 171525046
37221936 36668953
40045505 39542004
1478204678 1477639470
47161367 46709177
57746958 57271305
47599085 47110494
1689730459 1689166216
2086492016 2085922053
1341620379 1334106293
1937525384 1937024440
561195800 560693745
1407019150 1406441350
93911632 93457495
98875357 98356430
1391897216 1391443434
194598189 194061324
173231013 172712944
1426465297 1425927883
1445667890 1445147035
1419810052 1419286167
41753970 41323855
38051338 37616690
49851023 49407927
1817061437 1816556921
1225534280 1225020951
1450867808 1450236846
1319624392 1319112483
1392732796 1392248379
1372803395 1372046760
1431911981 1431330095
171148226 170754354
85895437 85435124
1500088640 1499447903
61856992 61381380
61337318 60892424
1465601231 1465121578
53122468 52706534
1604449304 1603975601
42227444 41760855
47399875 46882845
25674121 25153791
42870487 42471535
52814284 52439375
63608273 63146686
38513500 38133032
1527633931 1527114944
20081488 19622868
1565334524 1564890754
28627403 28230526
1311083413 1310513806
34224587 33796681
52609075 52154961
1468560120 1467958135
1348607322 1348036014
1309611362 1309193404
955279645 954828502
1414156159 1413275247
1431847399 1431435884
1387016645 1386447648
1429684422 1429303439
53885102 53418847
1457272498 1456839320
1471607146 1471043920
2280921679 2280421936
1375906152 1375414529
1355791478 1355294228
1396506037 1396066062
1393129585 1392652362
1283121969 1282660382
1447336090 1446824823
1401862090 1401341074
165418414 164960063
124478961 124105935
2277441943 2277001102
712209808 711755210
2340458875 2339962095
1412458417 1412028432
1345046712 1344630505
1427296484 1426845835
1340489777 1340021683
50221702 49848824
1360007092 1359466722
27478776 27096589
83001049 82525035
110113461 109633651
52245888 51812768
1479831621 1479312790
42156399 41703037
1896686380 1896192436
462293910 461825134
1413678257 1413222097
1357541963 1357139396
1386861566 1386394113
1404954928 1404465758
1426196954 1425866163
50014368 49573512
58618317 58141892
1400890978 1400375719
193329281 192833014
1429216575 1428806165
1820702855 1820135148
509148947 508595076
474177577 473650230
1427191812 1426708010
1503740070 1503285249
1336369703 1335898071
41765632 41291796
1392372908 1391916237
52225299 51753838
51562502 51274093
37834316 37416939
1398123749 1397623410
1368707215 1368171120
179400443 178906331
1365595190 1365011070
137909203 137453170
45951248 45478903
54321714 53827054
126226445 125620360
53714447 53175512
49838018 49341766
1327541311 1327082269
1391562531 1391037753
1416390962 1415852153
1382616361 1382150389
237787946 237378001
1426621638 1426154734
1457297937 1456705261
33798721 33333218
53403924 53021508
1234473717 1233922132
87042923 86588842
30352945 30004338
1391435162 1390882419
1553207363 1552592381
1703915915 1703382459
343047070 342584969
1321763418 1321359839
1407198156 1406684964
1383832405 1383335126
1354531929 1354042641
51001297 50594989
1412783016 1412303458
108465006 107996519
1770962287 1770491391
2000354136 1999886103
530879570 530388824
232441275 231920520
44011382 43528939
1494892623 1494470378
49649263 49152347
1438837465 1438382897
1404636196 1404159850
45920658 45479689
1512232830 1511779599
53886728 53461441
1368194099 1367697977
1439857924 1439380908
228913988 228432790
50159743 49712627
1640683267 1640173396
1343557060 1343093941
493744033 493290952
1410015688 1409531162
444914521 444446754
1403235518 1402788889
41813246 41339553
1395670809 1395237964
56873280 56346164
1453410474 1452920597
1493302286 1492821334
172028798 171530667
1415068105 1414572976
83579105 83039685
1426845987 1426389929
92806347 92322565
21386487 20956123
1435884045 1435246361
1373245374 1372715941
578796603 578352131
1438879067 1438319678
1314459241 1313918548
50900578 50447857
1380509302 1380087751
26277585 25904852
42974828 42593346
1337987578 1337568700
58779573 58372360
1293105682 1292600317
1298380585 1297974935
250693580 250258029
158105608 157682731
1855360069 1854845399
1377474913 1376921798
1383166409 1382655087
1403540086 1402978576
1406573540 1406211352
1349517778 1349058379
44072728 43630661
46008981 45566388
1346152370 1345611779
1395275777 1394716207
193808738 193311668
1776944772 1776457963
342849776 342310768
2111881627 2111407126
1611072579 1610520436
266120809 265649938
231867154 231378137
1353707394 1353180070
1414071423 1413512408
1386265111 1385764909
1598414066 1597737621
1382501182 1381895271
1651760484 1651210709
1410026410 1409542677
1400720256 1400279004
1462795469 1462276889
1440374332 1439803588
1382736162 1382274184
54120982 53707884
39555315 39019913
1581248618 1580767673
1648163909 1647631167
198822599 198291806
1671141360 1670600802
2034205184 2033686289
1741317737 1740725344
626923257 626459639
1402661358 1402135757
1434670552 1434146267
1465867078 1465241001
1515304140 1514752170
1412316441 1411761730
139903141 139335431
1518817951 1518355585
1809591499 1809031005
627285978 626798146
1400379884 1399856577
558490873 557995629
1448009215 1447467178
43921574 43528348
46375255 45945862
1572616149 1572161954
1429319904 1428801791
54575220 54239183
1353144229 1352678577
34249752 33909064
45748044 45419681
45733196 45281131
1440366117 1439846192
1356890695 1356424968
34089768 33669293
1267616807 1267076798
1399465497 1398970639
832418831 831879526
193796227 193312141
1371819288 1371316665
1485604544 1485070810
121191560 120740829
1425194246 1424714988
1457637843 1457188455
1377575254 1377106238
1367969735 1367516670
51340928 50993133
33328563 32935063
39563116 39126365
1891844181 1891318049
1356180944 1355728108
1400895493 1400398009
1339298986 1338758337
1374884127 1374435596
77560518 77144791
1410889744 1410326843
64901781 64371951
1453102813 1452577754
57071142 56687886
1519499169 1519044823
62143441 61697286
1828217255 1827719062
2106729553 2106198502
587105015 586615828
1880954304 1880390135
1535444478 1534931678
1378557660 1378094533
1418823190 1418355124
1402152130 1401661642
285940172 285479706
1429700506 1429332255
94200806 93732489
53659555 53220740
1575333627 1574823269
1743251201 1742753882
458032443 457568246
1385963648 1385505039
442834366 442344454
1432353558 1431935357
44817828 44438969
1399502437 1398983826
52986165 52609478
1530099264 1529605072
1296845259 1296382536
1371457141 1371049556
1381150056 1380793188
438733839 438292857
46526132 46078055
45545729 45206559
99132081 98656092
63548166 63150043
55494047 54914646
46318273 46011611
54857674 54371364
1170438684 1170021470
1240329783 1239853370
1381651929 1381193414
1415866456 1415438036
133569597 133095623
1475462593 1475105049
138454134 137919965
53299614 52797575
1625799270 1625349390
1354715710 1354189797
1404016410 1403547368
1430908895 1429969128
452861645 452450930
126954538 126380737
1519810667 1519292130
35388418 34953756
1580199046 1579664525
61595935 61090629
1367414848 1366983275
1339677640 1339106854
1459946868 1459481009
1869010390 1868504961
514326918 510555019
1365859445 1365291536
1452674879 1452169433
175546036 175072865
1376972900 1376495724
50676433 50226043
1499482726 1498857314
32573942 32134055
70711121 70204444
1573901778 1573385225
1539797768 1539308961
1413451511 1412992690
1808648501 1808091432
567128796 566625688
1514716527 1514129333
161236941 160722607
130837169 130273344
49284379 48759467
1425617353 1425089549
1420229011 1419821724
41801091 41268533
1362870441 1362264702
1439962328 1439466312
1409121301 1408640821
1453094718 1452527261
52312389 51904819
1844551433 1844001272
1401611439 1401087483
1425748701 1425207121
1406094442 1405570634
1428739867 1428281135
113909456 113408809
1429536459 1429024719
1250722103 1250172519
1453704152 1453236923
47907007 47438424
1737776047 1737204086
1976659204 1976158288
1642863987 1642349681
1534291300 1521863810
1442857902 1442383065
1457595592 1457074909
1402358032 1401892313
1404566817 1404014598
50589063 50054694
1761888675 1761316523
2122162197 2121578378
1697822444 1697281623
371172054 370604935
57672759 57171561
45845041 45340010
1609813864 1609317996
1692879878 1692307476
1456412779 1455941094
170773854 170232112
1418681567 1418148310
1516545071 1516044273
1700505006 1699975027
1865866741 1865310662
457936569 457482995
1374386197 1373777532
178258156 177767300
1420051002 1419543566
173958793 173515621
32450768 31978196
1457452365 1456888371
49711545 49334045
69616807 69230402
1417508029 1417109660
1403311622 1402865852
1400520506 1399981661
37506763 37131830
1597324755 1596771564
1628391324 1627906361
547370385 546867773
403941215 403445469
1368070982 1367583860
1406733472 1406290400
1343779456 1343320210
1387878697 1387347008
51143997 50666420
1376734166 1376249120
1408268668 1407682500
52367526 51923510
1540536684 1540008438
73549261 73142518
50921834 50550090
1395065746 1394518655
444372504 444003999
341072136 340651872
1629242173 1628741063
115008946 114585635
1395194172 1394644509
1718238127 1717722581
1397169604 1396735844
90479523 90053488
1374808690 1374342074
46966041 46544651
1450982909 1450502784
1481174835 1480731527
223223167 222767962
225443933 224892761
1432494891 1432051032
1449658435 1449259936
403683046 403143480
1392678736 1392220195
119032518 118582122
45045778 44561357
1448282170 1447859396
1351355207 1350955082
50379277 49922293
1296147700 1295768551
95920195 95530256
1394791179 1394447277
39552774 39135475
1345796552 1345294448
1628906208 1628433807
1379738090 1379283958
1366080820 1365567995
1386016165 1385579418
645714930 645188991
298826354 298358093
1188680796 1188167855
46297632 45877001
1452981883 1452485965
1340982604 1340548544
70764038 70290658
108084974 107623200
50492879 49995156
44346780 43940782
1652864659 1651844315
55216205 54755945
52057151 51649534
75226555 74703508
125880571 125243449
1847468422 1846965533
42376445 41823903
46345121 45690299
108567645 108077534
116775009 116262534
1380300683 1379836439
1328189816 1327780193
195564065 195034411
1411751415 1411326369
1413994452 1413602835
1385446155 1384794588
40676048 40317011
34400959 34053956
37461352 37022256
68089042 67674721
55931071 55565087
62280100 61907634
1319114966 1318591775
1351615857 1351141136
1271034493 1270532571
471964964 471596704
1334678366 1334155862
1354752252 1354333234
1402930033 1402346010
1416019250 1415493817
1367885601 1367465512
1480433439 1480004824
121646551 121151806
1678028852 1677564258
1554172871 1553661489
370497162 369989037
1512520068 1511987904
1686198612 1685733085
1569199279 1568702386
156316480 155835049
232049676 231640284
57133434 56722181
1519119949 1518672455
52671845 52279596
1527245924 1526683344
47945081 47569802
33651597 33277594
1402287465 1401838854
48956002 48470734
43214687 42781446
1497915957 1497429526
1516423304 1515928172
253695281 253269410
1371590739 1371140842
1353568303 1353027782
329686207 328927040
1358410766 1357945688
53989144 53425210
1504144842 1503454078
1397715381 1397210879
152230680 151479344
1441333115 1440886610
37929165 37502298
1533046666 1532523310
63300152 62879656
1415176480 1414696459
1701363316 1700959957
218784801 218236390
27184717 26709867
115770685 115322984
1854696153 1854212066
272362637 271910248
1499568346 1498964988
1602071616 1601509126
1213656213 1212988395
43286643 42657067
1373548821 1373139750
59458930 58817582
1362559503 1362060746
1681429372 1680944249
368136579 367445924
1499351195 1498696000
176622474 176149484
1534803456 1534176571
1391568655 1391144092
207711560 207292618
1388775256 1388397936
107711500 107251607
1374155119 1373595737
50637812 50292840
56328706 55877218
1417566398 1416945755
1443712060 1443284200
52675757 52234620
1677944203 1677383774
1484333014 1483594027
1511037451 1510500934
1167564556 1167127157
391984398 391492483
153708428 153046209
51962188 51498219
1344413391 1343916937
1403558951 1403068352
1424119987 1423690287
232894655 232445651
110488588 110074094
1459244907 1458822218
45399848 44930843
1662169146 1661678148
155653679 155210089
1951098744 1950594490
1279551872 1279107002
473665605 473147550
1407807972 1407360983
304181819 303704464
1482019552 1481334492
56462102 56055600
1309007063 1308349092
1361341680 1360688896
300873290 300377930
1414590936 1414135509
62144436 61650294
1323586003 1323069713
45434229 45023903
66445905 65989456
65571742 65122864
1625857225 1625276369
1281887769 1281401091
1395478212 1394942665
1442919654 1442424625
166518838 166052389
1409388370 1408879336
79733716 79260592
34279505 33840452
1451658341 1451167387
1448317688 1447780427
275159856 274743246
236279377 235760904
1459652735 1459221769
50549038 50119639
39909669 39427047
1479097846 1478605381
35506942 35004996
50118748 49596686
1808395404 1807848229
1645630745 1645208516
117507279 117010098
1384470551 1383893092
260310800 259789666
1388045767 1387527194
88307761 87800846
1424935483 1424420736
1376100726 1375668441
385488642 384993094
1371009137 1370481134
351957839 351470965
1457020436 1456470496
52176829 51831745
53812654 53354685
40263983 39855403
1534268574 1533751647
42523570 42066742
1334120089 1333637164
1466763150 1466197811
1310155033 1309600439
301257102 300782418
167298281 166745065
1389278571 1388711320
1424385666 1423870921
556891070 556412757
87957174 87473158
1442550665 1442088399
1445159686 1444693836
37266290 36826034
1423665656 1423208039
1410280240 1409733363
31783449 31378172
1309517379 1308945895
38963559 38560622
53017245 52565211
49409101 48991546
1172270416 1171754968
63101470 62650157
94409331 93962820
1674088436 1673557601
1376983681 1376533705
1384566456 1384104298
903320201 902858584
1380733063 1380314627
487791713 487333012
1387296464 1386749105
1319520762 1319024833
1391760801 1391296106
25963392 25588692
1190768969 1190330582
50231806 49847084
1463068040 1462526574
1361903049 1361488919
1407063898 1406521018
1389166285 1388769848
1405381256 1405002151
1380071977 1379527099
936627089 936266098
1383489244 1383105630
1379148208 1378642932
35814291 35270227
1420708253 1420221023
43744666 43395978
56712941 56407677
89346328 88914999
2019542059 2019049004
1356838328 1356370365
1364493759 1364160826
1403887286 1403610850
1334907242 1334541644
535352721 534952963
1261987494 1261438791
1382607353 1382077795
1366983901 1366566515
65514849 65157225
32399265 31884459
1639273167 1638765656
174541960 174073428
2419834822 2419445118
1371983444 1371573039
1404042797 1403652444
1407320463 1407031711
1402381409 1401910949
904923569 904554158
204903368 204460259
1409357048 1409013527
1407181790 1406711542
21325566 20973861
1272084561 1271577430
42554738 42240721
73015172 72670809
33747597 33427372
33587871 33202006
36166794 35783656
36532431 36124934
39906375 39597647
55615759 55328237
62001213 61661468
43735746 43322345
59306402 58898662
1599797990 1592705342
65055999 64674292
48157785 47825114
51409848 51041329
1261065641 1260669033
1327089535 1326639028
1315427208 1315035824
514427438 513889422
1335549005 1335103515
61137609 60763982
75160886 74787090
88717395 88221810
60468955 60037603
43532794 43111526
1361855148 1361500903
55416766 54974491
1401216818 1400888051
1388009990 1387559547
1332349047 1331701358
85416396 84977875
1719244499 1718745694
1352812809 1352315763
1326929515 1326384889
1443553970 1443121967
1408118413 1407644444
1426725882 1426241890
1400043601 1399584788
31493386 31010793
1354236999 1353790011
66024654 65665719
42010369 41688160
50928119 50555108
56975868 56565437
1552257801 1551822483
53714671 53286244
39115627 38701271
82872952 82438668
140301228 139842508
44388327 43941560
1925448786 1924944547
51132600 50740429
49060853 48569698
1722649738 1722143342
1687884303 1687342009
1545650423 1545051879
1373084405 1372592823
1387325799 1386848783
1434119284 1433734688
1392036068 1391457375
1449474819 1449021156
1414290278 1413793417
1625523675 1624897352
252777778 252292544
1677259932 1676856443
223948207 223602145
46116493 45574992
47257262 46828740
1640146728 1639673212
1633795743 1633286413
1422034455 1421530409
90229552 89783505
37739845 37328713
67510406 66995562
56949475 56534553
1799953713 1799460028
1796874212 1796476731
186123711 185626678
153400565 152961692
1336910412 1336416272
53715783 53277481
1375870893 1375408515
1400423736 1399984609
390374120 389871147
1393414447 1392867048
70658112 70297874
1409563699 1409158905
1345203839 1344773050
1287930683 1287406428
1384870425 1384345223
319162189 318717013
59150808 58675737
1472893255 1472452700
41468954 41029277
46050354 45539992
71948971 71406959
105494892 104986889
1613299448 1612787675
36647626 36166880
1367057783 1366636999
1409184331 1408722058
30485005 30016649
1423716661 1423331817
34403617 33964192
53644087 53248182
1534135535 1533650687
77873559 77369682
66325237 65927028
1887559852 1887088811
214275456 213818974
1388001319 1387542070
171442233 170999218
209254248 208828990
53881464 53553805
1334569985 1334172670
1420885588 1420362517
119765620 119299017
1342035430 1341603152
180527698 180154557
1353640298 1353107522
41678607 41280998
1376389768 1375949700
48583825 48262703
39790910 39451571
1325047320 1324510569
1518932369 1518433703
1358302074 1357810219
1382962481 1382433170
428552353 428103915
87264554 86833222
1349446123 1348924692
1390283683 1389753096
247684867 247221990
1389348993 1389001344
1413736148 1413329843
1450417865 1450022472
47110860 46692154
49904260 49523490
53021720 52625900
1669398996 1668872582
2022099673 2021591786
1361848059 1361435122
1433060033 1432430947
1413752585 1413276523
200865432 200460910
1448917588 1448430361
240447003 239985329
1415715026 1415287979
1478738897 1478385165
214965923 214577326
1339011314 1338512886
65767888 65423671
1707327692 1706822469
1852611438 1852047762
332138921 331720726
1488676519 1488096635
1411568471 1411090905
161442839 161034584
229025314 228038566
46077773 45650562
42159952 41764897
49553251 49062179
1329518291 1329108219
64188673 63807637
1440046348 1439614223
1469217694 1468797024
1464965272 1464573655
42874620 42422417
60258019 59867795
1659182074 1658801041
63595478 63136591
102252408 101851407
46001155 45625127
40017614 39625244
1497564363 1497145770
48035287 47558848
1318124261 1317693195
45564761 45166187
1361362572 1360942427
419141570 418729136
1353041190 1352531936
1357291389 1356702834
71424223 71010911
56619150 56139582
41509422 41132371
1352854778 1352544434
43823329 43161586
57304871 56903400
74658006 74310024
1370760059 1370229643
63150492 62504585
58177089 57772870
56458280 56112007
1391930742 1391553843
60309220 59812105
1381225619 1380888908
1344119085 1343531959
44706723 44356218
40649675 40369169
1188364492 1187938823
1669969518 1669558439
1343546713 1343098988
1377919502 1377230628
1414744561 1414256949
1411086306 1410455583
1400285391 1399962620
1411758130 1411377667
53116800 52472313
1496877386 1496442139
108021983 107660603
1553982813 1553595875
1659452743 1658991076
2160098914 2159504817
1846642235 1846165972
531440496 530967006
1409151480 1408607728
1390289417 1389868869
49157618 48735755
1373618836 1373215130
49784872 49364020
46067174 45708409
1357790916 1357094399
1429372282 1428956985
1614122603 1613654498
2167753367 2167311169
1350554729 1350115025
1419864751 1419443372
1409319804 1408886445
1417981839 1417608238
251791614 251402667
1401177021 1400662392
1374564572 1374086508
54193968 53747112
1598100383 1597408094
181030254 180507402
2047195294 2046692321
1866791676 1866327416
1543909661 1543339441
217472989 216986551
1478912865 1478348090
1357126151 1356609470
94703913 94242996
1358359316 1357902381
1408484666 1407983566
41554436 41042884
53616041 53187426
1474796675 1474375301
65811445 65316634
1792151597 1791593514
1734418432 1733945987
344632262 344178165
363195559 362704484
1550367344 1549804042
1512859352 1512314812
337479080 336972923
1322251065 1321806200
170652481 170212466
1325682987 1325247665
41160919 40751646
1413526155 1413040613
60683497 60344299
45040672 44669964
1360545758 1360012522
39801033 39469944
60145473 59760788
1327396541 1326851382
1347166103 1346702265
392188861 391747677
1489283276 1488866979
75352024 74999699
1296483104 1295988276
1432870444 1432400775
1349032526 1348602458
1467644791 1467171529
1465062976 1464567697
1689963083 1689539045
1470315885 1469793815
1389659850 1389287040
1589042743 1588569994
201613667 201196794
1793912209 1793462635
1547106479 1546585953
168901459 168484024
1533566192 1533087543
1482292294 1481872173
83636592 83220830
42834977 42375392
1572922018 1572451203
143626940 143210723
1576689101 1576208454
1838872563 1838443169
1660972237 1660583963
323029525 322597036
355669177 355243997
1519319659 1518871063
1360965221 1360521209
1491749197 1491267231
1385415672 1384976225
228317555 227914486
67937999 67438382
1453187757 1452723633
1487401484 1486903499
1502543314 1502024242
1391121803 1390703031
1436615080 1436145392
1386430593 1385874808
474781606 474437357
53318047 52851789
1563291954 1562950557
84756873 84394531
52159274 51695304
1433492255 1433018973
1394731918 1394316749
1560847853 1560319408
154485276 153951899
1537385281 1536805612
202180891 201701958
1822733087 1822254857
334082631 333609374
1370525153 1370101582
64233933 63735351
80556317 80054338
1465727167 1465277820
110554174 110081450
53406754 52908100
1394246258 1393803826
18580949 18207004
48260481 47884751
22315424 21915995
1436265284 1435808687
1279664396 1279210506
25513929 25175621
38014071 37692429
63544269 63251195
74870669 74548994
81212919 80829652
1205735850 1205325143
1167635306 1167104748
64825815 64530650
1512122409 1511592747
320969144 320472087
1354727230 1354326329
1393429188 1393033947
1300178415 1299832830
1365416811 1364959719
686861836 686481685
47818980 47416052
1393148752 1392722834
1417596603 1417177166
47938953 47594404
1451525784 1451079169
49590022 49214435
1496437246 1495937955
1884074739 1883561221
1378653410 1378152701
1311531382 1311085507
193832989 193362601
1399866021 1399428679
46574649 46152233
48075538 47645029
1392150722 1391789345
1390935705 1390497111
91139508 90810158
1410384739 1409983735
1447948331 1447388326
44084248 43747091
53351756 52997086
60170887 59795805
40547908 40196238
35165946 34672121
62530985 62108924
1866704502 1866239187
252503597 251992949
172480789 171986294
1991265805 1990810904
1240647443 1240161723
158655700 158124736
1347608324 1347189986
271977923 271535158
1372078466 1371627300
270037096 269475966
40504598 40100965
1381994676 1381564489
1467925828 1467485814
122060067 121553973
1501786180 1501328153
50832890 50460081
1401168301 1400744094
1374740247 1374131285
1436084140 1435612375
1360299173 1359822658
573626185 573188725
1473901053 1473404953
119702601 119195803
109262219 108836421
1432414834 1432043080
1420978900 1420561957
1423592110 1423067601
49510135 49036803
29176377 28753962
51562015 51158619
1559635137 1559217873
1500165224 1499680047
1502686559 1502160173
150167162 149717086
1681161891 1680614998
387986264 387547884
388057548 387642136
1394424138 1393892899
1343914816 1343405071
137572472 137151949
1359928845 1359506059
41730938 41318341
1401868576 1401366944
1405657878 1405120697
1434577696 1434127788
1503407529 1502909474
1440693578 1440231005
657489292 657000744
1555093820 1554638624
1432900921 1432408344
163301230 162829104
1439320365 1438825893
1478720960 1478003404
1459112351 1458602718
1408197617 1407626601
96977037 96531142
1499674783 1499082611
64433340 64011105
1962212174 1961737484
1405164971 1404505384
690575049 690200591
49342696 48956770
41756211 41260460
1486528112 1485974062
1350110379 1349602531
1340782993 1340174723
1422787186 1422275584
47534710 47140470
48224392 47900782
1360770111 1360327743
1430848964 1430399861
1916005173 1915485306
1428111052 1427507867
1316895463 1316453179
1424616991 1424125582
45947587 45415216
1417980922 1417491963
1409469151 1408988702
45368435 44915544
1470145337 1469754498
1517810019 1517305011
1901733351 1901152349
543352117 542848182
1539263243 1538676123
2242081559 2241538916
202204636 201733316
73521769 73104193
1447223543 1446666076
63874903 63513863
1460312067 1459725175
45733358 45342749
1361572593 1360979892
1350740189 1350223008
46785608 46435500
44566869 44122700
1367044572 1366586283
1843369021 1842874560
1499263465 1498685902
1335291348 1334756336
1381278544 1380897994
1424091517 1423563219
1387505355 1387098851
1459113381 1458681856
1423947028 1423506892
108615652 108172253
36373961 35959246
32166052 31705956
1806148434 1805661683
333830292 333347652
2029932072 2029445588
1805928815 1805445973
393769038 393251699
1342726476 1342233325
1726158586 1725591132
41148245 40757745
49945050 49434387
66096703 65689832
45566826 45083967
38883776 38389135
1407981677 1407430286
1444897416 1444439378
1433654651 1433211220
34491119 34039498
1537638473 1537152466
164261465 163787784
1413654536 1413201244
1562436492 1561920327
1420067231 1419650019
1437156370 1436744187
1402165009 1401642228
92408817 91964571
1434086661 1433564554
45914265 45495005
1459850396 1459337167
53635175 53178515
51239329 50805916
1433269323 1432684501
1321013978 1320647812
45728960 45374924
59257125 58760114
31070759 30629346
63628662 63245624
1650730914 1650225610
191944482 191408462
1930942983 1930487729
1705695055 1705229086
391160726 390651336
166741705 166169663
1360550917 1360038693
109704412 109124046
1376348719 1375787643
60120790 59630058
44932676 44368832
1411195850 1410805844
1460478143 1459995482
1473037945 1472539188
41827639 41434264
1457397147 1456872969
78384052 77969682
1648103436 1647499452
1428542165 1428004184
534348107 533895324
1408338782 1407767863
300198194 299673960
49377729 48864021
65010809 64639127
65068472 64687027
1427145551 1426679802
1363844671 1363374444
50320795 49929031
1408514836 1408054132
31931894 31447208
1319455539 1318967660
26147177 25753058
42025193 41675028
36005041 35697582
1251677976 1251262599
29578534 29112801
67688284 67282907
57354696 57014047
88912434 88334342
1505762902 1505266401
43858513 43372575
44808396 44290285
1236666324 1236218703
385242075 384819703
392294480 391740969
1246279315 1245828544
58007894 57567638
1346524940 1345993167
1428544382 1428074550
1441957307 1441523992
264119791 263718693
1398279870 1397738862
1371780129 1371425824
33901041 33461932
51302947 50976992
1380949156 1380427164
53515205 53038078
1312888593 1312447491
403913616 403386737
1406184007 1405698295
135700243 135254382
1607981655 1607466601
1382743428 1382208880
1383986268 1383536949
102479524 101969861
66138421 65666424
1423339977 1422764119
31842712 31348709
1417178985 1416735445
1416759679 1416088978
52810284 52329009
46571990 46156634
43038903 42751069
62257454 61884363
41063828 40649575
46935483 46545922
1662477877 1661893750
104446601 103976466
1437137373 1436643465
131501524 131010764
1499337629 1498843595
1542005062 1541518216
182824130 182387956
1404188146 1403769780
1345898508 1345423548
204183001 203758219
53932154 53555892
1308217434 1307671516
107517223 107093152
119160511 118735849
52966864 52523639
1452218381 1451782054
57446739 57034182
1483825152 1483358671
63853143 63454037
1465156227 1464604807
1497211877 1496637694
1472081674 1471493019
1510890391 1510443779
261041937 260506268
1412073937 1411616717
1447174787 1446705115
1480571569 1480118514
1355132702 1354776985
479084442 478581896
21445616 21014358
1498538783 1498139097
1459114053 1458661771
40757598 40295916
1622531914 1621980209
1510685608 1510075273
235287809 234826002
1474671693 1474112019
264910610 264374430
1858682796 1858124051
342487298 342038904
1481475069 1480973933
1324412527 1324064580
100394990 99963501
69288658 68836533
1351878820 1351379680
49674344 48836226
38757763 38200393
1396647410 1396174528
37910887 37550320
1455094903 1454648154
43195674 42782935
50417095 49955121
42751418 42274226
49834172 49431583
1323422307 1322894112
1265143930 1264675832
152995590 152498132
52426459 52011057
109639960 109114786
1647890116 1647401608
1355750205 1355333466
475927670 475404424
1399569513 1398932971
1443146637 1442625155
1388507924 1388063289
1395624731 1395083998
1454422219 1453926325
51518361 51011797
1459677893 1459113944
202242330 201770053
1462477976 1462003982
56198547 55697754
1757049817 1756567020
459725716 459264688
1482214940 1481644408
456403395 455841876
1550611928 1550039988
1540074991 1539500777
1427440628 1426979095
1408412879 1407883506
1615761485 1615196096
264356568 263906916
1411929443 1411415225
323766693 323276123
1402963340 1402466998
1408526676 1408039857
1394835212 1394351600
576342851 575830068
1404829610 1404341428
25073150 24654448
1409797170 1409318963
1387943928 1387386892
1289591461 1289090988
1357417198 1356974495
407892313 407366046
49235164 48750467
1846334088 1845742731
1361927080 1361472432
1372249249 1371656646
1418253526 1417847534
1348932071 1348502703
1407382044 1407024508
191385016 190781689
63936076 63497046
50030004 49641493
66553800 66235170
56230499 55761812
1621343489 1620863497
64598163 64188410
60712022 60364609
46560806 45778871
1324858384 1324454748
1673493926 1672956538
1790150491 1789585632
1370793461 1370358127
350030580 349496241
1368953240 1368500534
46169876 45745980
71298197 70836792
1486747079 1486230067
1481153272 1480656396
83954966 83486524
1430877336 1430422486
1424781703 1424403158
1714196623 1713715008
296225273 295697703
1870703865 1870166475
80653042 80167068
99478136 99037595
1403340276 1402715625
56835365 56479362
1433841708 1433352629
1521072968 1520594751
1376013282 1375507200
1412695695 1412161947
1380867919 1380377276
45258463 44813120
1747361043 1746853186
1421770458 1421358299
1390156623 1389678054
627844020 627345338
1614709019 1614222927
1707605731 1707104173
271670782 271205296
1482828127 1482364260
87750859 87268656
46350704 46006321
1374022394 1373579971
1401957006 1401496645
60029227 59610361
85323025 84914076
46681271 46328513
1577777860 1577314300
1594255436 1593670924
418406236 417939933
1397350837 1396874608
419320337 418887691
1496758477 1496295418
70888672 70530298
1320645124 1320124838
1305048949 1304594083
316477651 316036675
1447503412 1447042326
1486706144 1486217191
1443942325 1443528002
117203175 116697574
1381133219 1380694977
484514218 484110799
1355105943 1354642173
1426953334 1426551791
1436000801 1435508316
1640397387 1639863340
442827530 442389580
1438339402 1437748526
54028551 53528929
1442146493 1441702848
1438427151 1438126452
52978608 52593972
1715464795 1714891578
1368771708 1368306406
1339251945 1338814626
1496804207 1496349680
1684307701 1683819429
480637450 480200559
375954357 375481717
1440331167 1439880720
92281299 91854314
1399072823 1398476163
1468692280 1468236874
82619440 82203946
116595488 116095361
1613985063 1613574779
37947211 37516310
53315714 52812615
1787443059 1786961464
1528444611 1527947379
1508811030 1508364293
117819400 117369325
1247045509 1246430509
1439972235 1439514264
1379312700 1378848783
138314787 137841457
1425016184 1424562969
1450497243 1449977390
320867125 320448800
1421400239 1420959790
136558340 136106882
1418451441 1417942479
1472104787 1471692549
41422305 41041969
50435728 49977036
1644799500 1644309408
1752256335 1751780261
330214850 329864972
1492743359 1492226573
162190169 161737660
213574065 213129167
1445593817 1445188475
1406826340 1406424903
1381145854 1380674777
315597037 315169407
1425288821 1424785769
1372521098 1372074243
101992443 101567329
91354892 90852881
42051416 41633278
61281514 60874568
25905746 25508480
1618561851 1618133431
1424175014 1423756917
1420292629 1419809879
301111064 300717159
1403577684 1403134333
1692400989 1691984371
1347708815 1347162285
1405961579 1405516439
369941150 369530394
42328160 41905744
1363397747 1362950352
1436239503 1435782027
1425408956 1424918610
370735092 370322382
60169303 59754161
1519891572 1519418337
1373659575 1373211807
266708015 266263259
123064321 122660507
1663188865 1662637850
1341617399 1341158206
1431874793 1431341304
304669431 304187430
1596314441 1595846845
136118238 135630574
186317661 185891720
1365141419 1364689705
1421357249 1420915613
143138737 142696792
1502362245 1501905112
1431012743 1430576459
250187507 249769016
1488412183 1487938356
277495407 277107620
1498604777 1498120191
167582456 167079945
225039586 224666120
1442915834 1442530080
68816735 68351235
46612496 46242668
1385115037 1384667625
1515384741 1514455258
246185070 245594267
1404286015 1403812490
1381109798 1380650467
41633052 41079637
1376847605 1376389294
1372824288 1372340145
215715782 215137382
345863869 345372873
1399668034 1399232699
1416862822 1416459069
1408339615 1407792068
372309420 371861249
43345468 42906663
1484056389 1483523451
166211166 165169993
1365663537 1365020495
1422001048 1421477040
1431147571 1430594233
1421228402 1420777460
555330072 554748602
1679231133 1678522485
1437506751 1437005029
1396183759 1395550430
1445376518 1444863971
123366033 122901356
1393724682 1393202066
1420759091 1420085229
1715734553 1715267581
484804052 484419229
1375711890 1375227061
1573712068 1573198387
183949047 183502905
212705062 212229592
1764340667 1763755121
1568593801 1567811473
70624561 70220413
47345146 46831618
1528046748 1527572821
1397998208 1397532237
62128303 61736449
1367585688 1367146720
1758518132 1757769798
1387501638 1387000415
1354959754 1354504804
326330386 325840052
1467508424 1466885034
1457518487 1456875932
220574019 220039641
1452510612 1452003959
1391477854 1391015982
1445150390 1444760278
45904494 45304794
57408334 56926522
89337520 88830503
50189285 49504047
1770787720 1770310654
1828302474 1827820196
79422739 78929844
1618401229 1617917141
1424376154 1423883000
386261173 385800158
1453769939 1453264194
1428862096 1428327320
1411320351 1410698095
1335425881 1334893813
1503564951 1502930979
1482666428 1482134359
298874358 298370119
1639462337 1638938347
1341129015 1340592295
1547629016 1547087144
1609095970 1608506344
1508112067 1507576489
1687382492 1686908097
311031919 310590205
1874288066 1873729553
136629030 136199671
91092784 90418257
1464981754 1464550878
1443524473 1443020121
49642221 49209096
1460517259 1459821291
1710563347 1710049283
1616728411 1616237014
1498604650 1498032276
132516739 132049056
1680892510 1680239830
1385946366 1385492228
1456791663 1456214680
355901943 355340981
1469002466 1468468891
1451543925 1451004424
1622706652 1622151693
1572165697 1571645721
82332232 81687351
1524365848 1523864245
1638537841 1638015446
524699037 523965321
1859471249 1858943027
188386393 187877398
1463406673 1462873841
1425000243 1424309796
1432250476 1431702314
1458150332 1457691483
82130648 81398730
68525551 67942677
1448929944 1448192361
1628914016 1628450330
1566870429 1566243851
1602826355 1602069564
1504142074 1503581880
1520842877 1520268220
62882202 62126317
1500484382 1499955923
1330301379 1329648895
144393364 143581847
1495756948 1495265021
187462356 186983524
1520380315 1519809038
1660537788 1659352472
1951312533 1950839866
1819050462 1818406870
1307366449 1306679356
417768976 417386768
57919333 57516209
1346699262 1346116864
46095534 45668541
61307345 60865697
63810832 63351453
31757371 31139904
1464770712 1464032666
1440744984 1440202995
1427449170 1426975769
1513509718 1513087272
35970410 35295194
47246463 46724086
1941586718 1941006464
421652561 420954551
1375703612 1375311471
1366864879 1366344189
1366681966 1366244828
1471816744 1471209639
1443980237 1443187184
165115137 164620011
1411816914 1411368088
1389244382 1388770182
71990065 71583345
1776370276 1775772289
1540819892 1540275124
533164835 532694689
1542300623 1541641823
89352441 88783926
1425821168 1425302689
45227708 44760498
42999395 42354997
1508832249 1508354386
1425054187 1424578211
1443599743 1442910844
309231454 308714960
1497754533 1497278479
202986324 202285880
153699163 153201429
1915403259 1914856081
1264578621 1264158775
1452415896 1451731654
1453771684 1453265964
1568848755 1568410150
196535891 195848959
177990207 177571710
1673027645 1672336704
53382353 52859608
53463674 52949529
1476906781 1476427110
70535561 70062466
1294726840 1294325806
53577784 53271436
1695390545 1694659357
1679711899 1679104878
382124760 381514300
385384888 384853581
1490626928 1490114004
1372800471 1372367244
82455398 81786884
40649157 40048500
1358783333 1358208086
422597783 421935153
1381558232 1381203808
1350688289 1350069992
456908015 456302959
1337794940 1337318009
44377162 43842649
53778976 41852726
1260169465 1259650852
1384510318 1384009088
1421139072 1420645992
1379654526 1379190758
165496367 165078871
41894384 41482794
39792066 39450328
82615076 82178604
1393473349 1392969786
1438824340 1438291207
1401025739 1400404195
1408602907 1408169179
304306123 303730144
56948645 56600998
1683913653 1683228975
247443687 246943236
1739052533 1738594539
46839744 46399528
1385339180 1384898850
1426774790 1426398622
1583172654 1582733439
1402883996 1402447910
1435329814 1434869957
1451707631 1451255995
1527105730 1526608539
1395460523 1394996873
1512803712 1512354573
1515609620 1515055398
1443470350 1443021278
1343529491 1343003341
1130720008 1130263025
964951172 964540988
