33817059 33514613
41736487 41391186
55444663 54958399
580066031 579517799
53765421 53162319
48947889 48588820
51838458 51395756
62235600 61600478
955815690 955404982
56591987 56199312
1438472058 1438061332
1487245546 1486266315
1626255626 1625809793
1766083669 1765665134
72067070 71707803
52387719 52061125
1737332118 1736766068
1785551151 1785135498
1746245081 1745611105
1641594971 1641186884
36072638 35719192
55144787 54622000
1509627814 1509166840
59571770 59096992
1509976952 1509182378
58144308 57813782
63703439 63083622
55514129 55149547
82877743 82402404
1235419012 1234897840
49577122 49239095
1063053795 1062647354
58723086 58055700
62634607 62204165
1168494037 1167972090
50363170 49917300
1411055154 1410601609
1337713352 1337404836
1438581608 1438085412
65685942 65103133
1449537945 1449019461
1467298595 1466640075
1482718626 1481736257
1480164074 1479799032
57467178 57041808
51483055 51086464
47251261 46878207
1347278779 1346575867
1371241612 1370802176
49851514 49402787
41009563 40374895
69387869 68774960
1370354521 1369826360
1438968830 1438593248
1297270095 1296851624
1325035423 1324494120
50730740 50438867
47241717 46736955
1323490413 1323082297
1414252191 1413797369
1505333947 1504912161
1430600238 1430218166
1475103891 1474639284
53006582 52375100
1447487905 1447059551
43021814 42420240
1500587358 1500165733
49800086 49410792
1510075072 1509449530
75997744 75636870
1527577390 1527070890
1585555625 1585245855
1391186384 1390786349
1312031738 1311594511
1278646536 1278212057
1396282999 1395742524
53073202 52695268
50799516 50410772
37604056 37245654
62344208 61941872
38564662 38140806
1312222550 1311451583
48313035 47845856
53335990 52770474
50068835 49417244
1348761040 1348328908
45833774 45437951
1385364253 1384717295
1372805180 1372522224
22065020 21730068
1420827102 1420402864
1452231537 1451696608
1422485436 1422117469
30106715 29453400
59612900 59187979
65851015 65509661
67898608 67499487
700331483 699706579
45530764 45198770
1211932789 1211458807
46948946 46555200
1442975574 1442465137
1529614901 1529211184
1736190268 1735630462
1667292936 1666989108
64833506 64505376
1757937260 1757510946
1522280749 1521939843
1608435893 1607988905
59619371 59088941
61042614 60661364
1600994249 1600553827
1647822943 1647352628
1715164679 1714575917
67918025 67576097
1363438746 1363030316
63881376 63266967
1436871576 1436018560
1510888363 1510442277
1479843464 1479408914
1366595663 1366185389
33682957 33363990
25574350 25000656
1345701828 1345301017
1413106854 1412549613
60886000 60468724
59279730 58697974
1451121535 1450728077
1360117648 1359619277
1369296104 1368632666
59189008 58789987
44170898 43692140
54041839 53446274
70141364 69724692
1346840576 1346396424
1512637997 1512055361
1505941955 1505483079
1590622751 1590205244
69399659 68984467
1587950927 1587528498
1640814613 1640269499
1427723175 1427169806
1456083515 1455563315
1640283987 1639828198
51183662 50771371
1670683101 1670219549
1583922078 1583502884
1481610256 1481185842
1522488982 1522108328
1446794147 1446374108
1541535022 1541173938
1512331043 1511954054
71949223 71578826
1541764305 1541321087
1540278705 1539906349
1466351882 1465692801
38071518 37709706
52016404 51639626
55374566 55001933
74730768 74186557
1424552630 1423874976
1405070084 1404564997
41933717 41319610
1317085058 1316684244
46396480 46057588
1464504739 1464105664
49828204 49502922
54052429 53465674
1234993460 1234576117
1344913533 1344523202
1285543399 1285008441
53701152 53321701
52328762 51722317
50010702 49623222
64627714 64284237
1274521470 1273898886
67980804 67362677
1231981778 1231573133
1311763011 1311300375
1342473346 1341116433
63280149 62968251
1386115034 1385505482
32367952 31993657
68861094 68453401
66021538 65366859
1423717933 1423288836
1386929854 1386519323
49050413 48752848
1409089776 1408513407
1398508893 1397898618
1416232883 1415819593
39313600 38952063
1439775629 1439177706
35927013 35253940
1350238960 1349695785
53620194 52999210
1407140861 1406794062
53456680 53063303
60462835 60083116
60660689 60273284
1363856934 1363440920
1346561936 1346138541
1298381367 1297998970
1426429450 1425921909
41936817 41650038
46751701 46271249
44085426 43793710
1325087941 1324506851
1301262067 1300902225
24819091 24430226
36955462 36386426
66684849 66315175
45422833 45084577
45553850 44946508
1091395795 1091029448
46598033 45983082
40955284 40697836
1118783162 1118165030
1027114991 1026722195
53469757 53073029
68584425 68073020
63661661 63270915
53744754 53096287
1318066711 1317657110
1315711710 1315206411
1377303497 1376775142
48031140 47425885
1357828850 1357422995
41485788 41136298
1352092785 1351497107
1382688081 1382315332
1425338588 1424773815
55094197 54671480
61676014 61358710
1448211949 1447608190
1472931094 1472527781
49975715 49659350
1468357788 1467984539
1461208780 1460817070
1440996756 1440436808
1440060414 1439607024
1511330571 1510908470
49897170 49349879
1483349405 1482992478
53501382 52880361
43097406 42743567
37783966 37376243
75720265 75383156
52033368 51585017
1432856858 1432218877
1375802200 1375509467
1360235072 1359864441
42739490 42368582
1286086999 1285464800
53767227 53210503
47322607 46826825
45914084 45600751
35668597 35297022
1209814499 1209461965
32860299 32275039
47973198 47445026
1194576435 1194018640
65910201 65526232
54542219 53907485
1410070890 1409476721
1373177532 1372551780
65047192 64702214
1438338373 1437854625
43322512 42889271
1415599729 1415108219
1388450003 1387924227
1408876021 1408488435
41887064 41520956
1407753403 1407182798
41142234 40605162
60926214 60569795
1380164553 1379684310
1416130962 1415685371
37974492 37452734
40143569 39619566
42098467 41667702
49138665 48543958
59383700 58736299
1180388734 1179786209
1332661092 1332244574
63825571 63441843
1294768237 1294179543
1344356025 1343978146
46427872 46063568
44709425 44458763
51379416 51041044
1345534857 1345081425
45399030 44808097
1303480968 1303015522
1380646072 1380225032
57342587 56868523
1338682455 1338090167
1275801850 1274700452
70621583 70025162
1404688809 1404257911
1464137849 1463534565
1451389689 1450934337
61468222 61033164
1584664518 1584070531
1410202517 1409786688
58636792 58305734
57411207 56803214
1485117087 1484670987
1500633066 1500001082
1347349983 1346765099
58835755 58202652
1378259617 1377664333
1475680551 1475268603
1487274652 1486697181
53459224 52834887
1396430696 1396034637
1495140479 1494678790
1451952928 1451581953
1583483750 1582939946
1473330962 1472909122
48655216 48019130
42206765 41684261
1493654800 1493255245
1508990754 1508627551
1479375612 1478842479
38161401 37774540
51436294 50827854
82942450 82698416
1359797854 1359397839
1358648341 1357933150
51502818 51179569
1363487373 1363080469
1295758579 1295363127
1371806430 1371409311
37293167 36935474
1491406638 1490996793
1467505321 1467178890
1486566565 1486030501
42416760 41821487
48849025 48501736
1449070677 1448591176
1437175557 1436777532
1536385094 1535444540
1487854917 1487312323
1347447179 1347041165
54240424 53869328
45299427 44856797
58022352 57376965
1453605062 1452951449
1396176615 1395792623
66634917 66008975
1417414293 1417031607
1581398943 1580989109
63719014 63373970
50780585 50402721
1535420419 1534835818
1398843266 1398464179
1511450562 1510844367
1226591410 1226201858
48230774 46957469
55197045 53874167
49751261 49374123
1347690505 1347283447
1325495084 1325059457
1283789363 1283186797
56787333 56141904
1368296923 1367934894
1524021844 1523591406
1526104851 1525606047
1524888123 1524520811
1505768934 1505165815
1513385935 1512672396
1523697070 1523282651
1463539311 1463039535
63086629 62725590
69855478 69201038
50636507 50011572
1604623371 1604210298
1536919318 1536364311
1553522166 1552938241
59700858 59328286
1448850823 1448414477
64628492 64181859
1507951409 1507337133
1438897471 1438554420
1280570678 1280167591
1399990640 1399346204
1466982151 1466389043
1279122139 1278710447
1546430045 1546089060
48861899 48446805
1590472297 1590088244
1685956860 1685562200
1646690932 1646361986
1611169077 1610677971
1655089561 1654489594
1483008029 1482610758
1539690022 1539199851
29859068 29503841
1348045898 1347427324
17436151 16896164
20304027 20020154
27137681 26523183
971092305 970686415
36049661 35575146
40081556 39611409
29196453 28878429
39152915 38697320
32394650 31894555
35720453 35134884
58392043 57873736
37949046 37413571
59030802 58489230
574166212 573791083
73502874 72846757
1053799639 1053432157
18037457 17450092
1254138895 1253764660
50162211 49701169
1499647540 1499278104
1441343566 1440787015
1546432190 1546020248
1506385863 1505892141
1414001813 1413515747
1532666485 1532156424
1507226289 1506751452
45675002 45047447
1343763991 1343363214
53932613 53483887
1522084326 1521474210
46813887 46457939
46935539 46304303
61128257 60731270
64852243 64279629
1390075273 1389611548
1403503879 1403039402
1397405304 1396971459
1382396910 1381930473
47417767 46961963
1371010672 1370566210
73581287 73175653
54744495 54354667
1321327044 1320721663
35473701 35078711
1366376524 1365796799
64770389 64372177
53903161 53493013
49220563 48795009
1211533791 1210929736
84489613 84052506
1074489637 1074082805
1128244123 1127763601
55974359 55534090
38332404 37893835
1394969896 1394482550
1446982835 1446570403
1467188247 1466718689
1518728467 1518306778
47232069 46775364
38099128 37648417
1418751493 1418332269
1463240330 1462717520
76533355 76111563
1591093783 1590607133
1430001375 1429394518
1482879112 1482394189
1451163856 1450680455
67724460 67258499
65323495 64902967
1421526649 1421024297
1501655796 1501236098
1502209274 1501805891
1422522269 1422060753
1386645773 1386195591
1470323074 1469845050
1544265035 1543680109
1445673928 1445239243
52867111 52413248
1561883600 1561490369
1513817548 1513337841
1542089295 1541604895
1523305591 1522843152
1457942578 1457474560
1390330723 1389860102
1611774417 1611338966
45243402 44782665
46065959 45697473
1509992527 1509557635
1512797028 1512422704
1585560993 1585173888
1599961873 1599516051
53098547 52716514
54015842 53443756
60343652 59961768
40488642 39828619
1386016950 1385660041
1367973726 1367480269
1363334131 1362861341
58712317 58369115
64775819 64415907
1388783873 1388366928
1303123838 1302778960
1408742365 1408051880
41429645 41108369
57879685 57527529
50708351 50308906
1355962450 1355533332
60257659 59866470
1356985078 1356299715
52096294 51765004
1353369236 1352970402
41766041 41395461
1339479862 1338771312
86326591 85973893
1392330122 1391679830
65078059 64445183
65549602 65091170
1373182670 1372733710
1448198564 1447666703
1336601360 1335953711
53243170 52846975
51711403 51098432
1365177071 1363728534
1406364302 1405883194
47165719 46592569
46407397 45783642
1235652888 1235242526
55856631 55243059
53998620 53596735
51659539 51223642
1316658146 1315789448
31221230 30584734
1251011095 1250371714
65926138 65540389
1275986157 1275429898
1299593543 1299258819
40027326 39402747
1302172194 1301589150
38551225 37899832
1283971757 1283515218
1331358839 1330870565
1515078804 1514479867
1643978270 1643554357
1570515596 1570055964
43958009 43517323
1464548244 1463871861
1498884133 1498460592
1631493892 1631051005
55794079 55047956
1637763422 1637254835
1620697569 1620051022
38856576 38361507
1612294427 1611829946
1521604794 1521101784
1491427676 1491002920
1563835612 1563355604
1475857857 1475167135
1545812111 1545141407
47246513 45765092
1552122476 1551692967
1566979653 1566284857
1610891081 1610343395
64224912 63640787
1377677670 1377246258
1528711600 1528276333
1536293155 1535883645
71218106 70840718
67231191 66830824
1483570133 1482992733
1484166666 1483729716
1398336029 1397737931
1454724406 1454245126
72010735 71607968
1557601982 1557189182
1573836295 1573417817
1609702034 1609278061
1547345500 1546912213
1411578139 1411139717
53312849 52914196
1562237846 1561578938
1558843363 1558406599
1525368822 1524951349
1662508514 1662123033
1485293283 1484605563
1497821922 1497174261
40115098 39735300
1495992716 1495525647
1499442365 1498993457
57853564 57507053
48333086 48017474
1469393104 1468952050
55215704 54877488
49778237 49513137
1487227457 1486763588
45795732 45384393
61386538 61003388
1435508131 1434884316
1340596297 1340168898
1277988867 1277523800
1331202991 1330778012
51071579 50622352
60274898 59864643
58367156 57907684
1428722694 1428314983
1352190572 1351790168
1251189387 1250772423
47894421 47513896
64253400 63626350
1445101440 1444622783
1385922429 1385489985
1445727097 1445360901
1494258761 1493771233
45654278 45222297
1476179643 1475761324
44735236 44371821
1436511092 1435983722
55972716 55545756
1374393674 1374024045
1421734662 1421327459
1469675845 1469250790
1485811867 1485368087
1385613148 1385197916
71796698 71386051
1424201658 1423789468
43280586 42688390
1512503256 1512015541
1504340586 1503840412
1486370536 1485977226
1601831542 1601099938
1604591538 1604108620
1389179329 1388800283
77091663 76647197
1581698495 1581293145
1529642472 1529192392
1565768193 1565264723
1560958114 1560477752
58572259 57939126
1616609712 1616199264
1496840368 1496416943
1430394500 1429918985
55295376 54729735
1472214478 1471680766
45545744 44899817
1354051734 1353602974
1485215163 1484749509
46216892 45787292
41721460 41376604
1276747527 1276305726
1357709307 1357276049
50375735 49885636
31950175 31591525
44122249 43469206
1258083214 1257565140
54917588 54416351
1486747262 1486126530
1405796194 1405275664
1373073747 1372563802
55418714 54946534
43810903 43373265
1448620741 1448160806
1452472132 1452055886
42863468 42475212
1313223196 1312853336
53666315 53218207
1362729038 1362145301
41809237 41452526
1537033820 1536454164
1396035850 1395412164
38179127 37759767
43636643 43233220
1235158037 1234685183
1293615503 1293095112
1330815401 1330376147
1512401913 1511988760
1627474120 1627088806
1635810444 1635307303
1489606377 1489252220
1439225109 1438777954
61559627 61184951
1597428158 1596993480
1592463453 1592021738
64843926 64401859
1396218553 1395741973
1553857728 1553450546
53606556 53066703
1367028287 1366600537
52658129 52110745
73317922 72807345
61502764 61053607
51014328 50626835
65451190 64871614
1384227675 1383742299
1457956567 1457469118
1368449200 1368043476
25842840 25416852
1343868386 1343469916
56077871 55761503
1311034808 1310647170
31554831 31226881
1245975955 1245510273
35831537 35419529
1085758784 1085331935
34119713 33727700
52413677 52032116
1191468825 1190751368
1391925979 1391419587
61025386 60369187
1438023847 1437505448
1520144962 1519576989
1545262231 1544855048
1575215690 1574562026
1543389146 1542824327
1571503717 1571085409
58374212 57838566
1510592304 1509987178
46374348 46062839
1409610076 1409241904
30750739 30332697
56050905 55670022
45613286 45055792
68426311 67801255
71116173 70521816
1325041570 1324406508
53756094 53129168
1261659714 1261191216
1356955210 1356266013
65164481 63796778
1205248481 1204623380
54996608 54355981
47219327 46815947
64037208 63643043
1317652461 1317188070
29113493 28548448
1291008275 1290591330
1211003467 1209296324
31313782 30783849
37368775 36852260
38319327 37664096
1231713764 1231133165
57253454 56864327
65855803 65398072
42898208 42454464
60066743 59675645
849868344 849294874
49784703 49355646
49497228 49043311
50874607 49491540
951751742 951328456
50172463 49832201
1179419001 1179069813
1217154439 1216645874
1372546784 1372091805
1361901052 1361311588
50279072 49657572
1438387680 1437980183
1573587531 1573232775
41994295 41617328
1537182443 1536561933
1598435981 1597900709
1551206618 1550750425
1553067106 1552695623
69761849 69237851
40133199 39718775
1441538159 1440948374
1511447925 1510868778
48965869 48623234
1368715406 1368295688
65657588 65324125
1397639172 1397217507
1425193444 1424593083
1465936065 1465266605
1418096435 1417667303
64396478 63798204
1502275914 1501738721
40254121 39349844
1444003491 1443598060
1438436532 1438030029
89007353 88374769
1461393110 1460784901
1454946723 1454470794
1538584327 1538224459
50594797 50108032
62653742 62020290
1388258577 1387853184
1425437773 1425034293
1412037287 1411553705
1560206242 1559708546
1614358549 1613944154
1407634758 1407047044
1527703171 1527306051
60802911 60464327
1467456299 1466999263
46024212 45665822
56535248 55330395
1394510325 1393805782
1488957946 1488584083
49332123 48770002
1417169032 1416742429
61945769 61443101
1289905719 1289256246
1017416413 1017047369
63661003 62496056
66334010 66093428
36397684 35972349
46191473 45807439
1098265552 1097849024
900830713 900387871
65888494 65571845
67763231 67388375
62048750 61514163
1038509989 1037877889
62159089 61835199
74403076 72535503
1120602302 1116361199
1190809185 1190228370
1230005168 1229379553
1155854197 1155263142
1192018259 1191552333
1308774687 1308399162
1385687218 1382844592
1330749258 1330130329
1396366777 1395036653
58798135 58195694
1472229881 1471540328
1511078464 1510504789
1486517778 1485826213
1496813103 1496286096
36368719 35563837
44106978 43653810
1410281395 1409856903
1337732180 1336373384
1376102451 1375703366
29730173 29184806
946015635 945344919
60370155 59961863
65936161 65403276
1137937632 1137544374
1282320595 1281728704
1360866615 1358199742
40163962 39654438
1362444770 1361297610
1390878063 1390381556
1398081208 1397693474
1400068298 1399719488
1408818001 1408319022
1457335454 1456835935
86328309 85185232
1375487333 1375150977
1399005007 1398604268
1518087016 1517501879
1523655717 1521699454
1574176602 1573682313
1558926550 1558335291
1466328665 1465906808
1492495469 1490698052
1512372795 1511775011
36210010 34941814
1301022255 1300440089
39281653 37846297
32366878 31684298
886876416 886487967
27727431 27070070
1130969043 1129502590
63697854 62336402
54660093 54254357
1043178318 1042748994
1088775341 1088397221
50938083 50559109
51450702 50821871
1312535090 1312151416
1387359272 1386876539
1541874663 1541275273
1457406327 1455699920
1460653512 1459712143
50857051 50486509
49247448 48839104
40346293 40011038
1383592831 1382931345
1147176809 1146764280
48111140 47726755
912710256 912234482
27601025 27281576
958883332 957662889
26475790 26219643
45657011 45268689
25365728 24995086
41269544 40948290
46009089 45644375
63377372 62942717
1005354037 1005016851
945704868 945378234
77668128 77363837
83077413 82751663
1252583169 1252215251
1316576643 1316204694
1334412098 1333100084
1420358785 1419940352
1432753039 1432466193
1184253813 1182798464
55603810 55193160
1231242920 1230827468
57670665 57027313
1293205467 1292836909
57250503 56866988
57921966 57418131
1338419878 1337971997
38523118 37944599
1401686359 1399800045
1350011807 1349652126
1442380108 1442095974
1338846908 1338477395
73575974 73236051
1525406334 1525102423
1508748227 1508332235
49553885 49173099
38145616 37590003
63149014 62687189
1519660429 1519108497
1537722731 1537322072
52875764 52549824
51822675 50390961
1301066266 1300710731
1504874656 1504432825
1530007943 1529672182
1536049625 1535595897
1381380865 1380942785
1496574081 1496136461
1676692300 1676315517
1519434130 1518954058
1562436534 1562066089
1579557880 1579246654
25906507 25345372
1346162687 1345734209
45195239 44903240
63375938 63029848
1147540183 1147190933
41798722 41311204
1268898834 1268594339
1374233676 1373785871
37335737 36692222
1272785958 1272375414
24183183 23846617
76416003 75281475
897375438 896991033
800210737 799894699
56071094 54820785
67681358 67109159
1106905225 1106553434
52703323 52328353
50597637 49932305
41511170 40916147
1372780814 1372431883
1377238510 1376978192
1406691396 1403758021
1341251634 1338419142
1464411220 1464000617
25181770 24733990
1447985328 1447681751
27970324 27559689
1303779328 1303502113
1201953970 1201531513
913296294 912816272
77377262 76965473
87269824 86929264
54943429 54563090
61778231 61400704
1388656834 1388238750
1467074677 1466695718
1475838885 1475482684
1546839863 1546337485
1414091715 1413691996
1418254232 1417861501
35148519 34774981
30750842 30425894
1203933473 1203432022
1302047933 1301519441
18309447 17621116
17978986 17710071
18247182 17757682
53636126 53244639
71169345 70876781
72413002 71253335
73652229 73411302
76742240 76187738
51681440 51304896
59913389 59610642
62792443 62344273
958982930 957950671
1080457026 1079908915
1285607564 1285294248
1431136511 1430739829
1490155985 1489760393
1533879417 1533529558
55194598 54668078
1572642153 1572330699
1595526879 1595144590
1512093939 1511440255
1187660170 1187249358
1478956573 1478558965
1447286379 1446840126
1337431030 1337026165
1519920870 1519437842
1530025269 1529670072
1561586579 1561174187
1603666223 1601745361
45704282 45372674
1672154612 1671814037
1679157055 1678028955
1320941911 1320530416
39411316 38290054
1298071794 1297708383
1073328666 1072745139
37284229 36913327
1038967384 1038073740
45989959 45650095
38444540 37986901
56652572 56195318
57213470 56709431
59845332 59378776
952150828 951729685
70581642 70038797
1217744169 1217339473
58308673 57827247
1268515907 1268168308
1284857069 1284450678
1299628122 1299254362
1297494152 1297079336
1263231664 1262911855
57310439 56933147
1023323485 1022751099
67876403 67425765
42478019 42045245
1115083790 1114607077
67608109 67159394
64750036 64307516
49912908 49188511
1285825751 1285176920
1393792340 1393353934
1301898532 1301491830
1395767196 1395395191
1421855875 1421455214
1433769103 1433327484
30156882 29756785
49447276 49066330
48991309 48419739
1123668184 1123278233
1310148463 1309688766
33503406 32970101
47167856 46849219
1037190657 1036661310
44113791 43756342
58779159 58395553
60012486 59641427
48543750 48118266
64049124 63593291
1060517670 1060152096
1040822378 1039564871
75495181 75060521
1248078422 1247678942
1287447818 1286966757
55901590 55448049
1294587795 1294305449
1181322355 1180713953
46826814 46150511
46042171 45703976
52405837 51970294
978026409 977581125
1163714167 1163325110
1173819974 1173324154
57269515 56843112
1261728419 1261275552
1382352531 1381876675
1477101089 1476559077
1457594915 1457186894
1507170115 1506837693
33155958 32770830
1481434708 1481110599
38718470 38311440
1509573828 1509230589
1339641204 1339298130
1286504320 1286140901
29498914 29137637
50968108 50684908
51823384 51600558
1202353230 1201860943
1283410162 1282971844
53352226 52996861
40051026 39651492
41466236 41065351
64711056 64333393
1015187987 1014781378
1178222585 1177834503
1199616720 1198931454
75443011 75074851
1273048596 1272653383
48431885 48096006
66314803 66000467
1358718801 1358339030
1339613426 1339248454
1278553884 1278150895
42010310 41655930
52251663 51999085
1238105965 1237743254
1158975651 1158566547
59392564 58996514
50381520 49938553
1240222506 1239869557
48984781 48598324
42664771 42253823
1189268405 1188858968
50827105 50438716
57281858 56851143
1499252008 1498776294
1425559095 1425251263
1546222634 1545829058
1412677967 1412258778
48398643 48041211
1403320827 1402995370
1440861170 1440482297
40706846 40357034
44999584 44659468
39272885 38917516
1382533614 1382129000
1255580682 1255176478
1207943762 1207545198
39280618 38905057
1374394077 1374026856
1503389262 1503004110
1483045099 1482697488
1513328567 1513067078
47333208 46758315
1496447432 1496031360
57084071 56687622
1383545450 1383152352
1412171036 1411747436
1516589004 1516233433
1583897645 1583273429
1415220258 1414553339
34477485 34139657
39998810 39672837
53770284 53363233
45958975 45621881
1466924969 1466519876
1442492126 1442114585
1407248064 1406777203
1515473763 1515211165
1440349543 1439666755
1529316480 1528894470
1584913874 1584479675
1414295642 1413873518
1571456864 1570745101
1442652299 1442117241
55038804 54706315
60712338 60259447
1529659387 1529245592
1540203303 1539853081
1527393548 1526984210
1542246046 1541973061
1448398563 1447978286
66351903 65998044
80784268 80408753
1469186811 1468790843
1520046403 1519465357
1639524058 1639081884
1487566618 1487101195
1638249040 1637517920
60832629 60407318
1396218164 1395800646
1530938096 1530525349
57906933 57533518
48637910 48245639
1607347555 1606945454
1526819678 1526399590
1483871781 1483522237
1536114854 1535703096
1439225695 1438812902
68433576 68136065
59859701 59555632
62317679 62015191
1313125347 1312745928
1173455076 1173028422
59670437 59243712
1022646149 1022028496
36063531 35647451
44370451 43923707
39515690 39059166
47534743 47087921
52041327 51298282
1329974265 1329573615
1285611873 1285194688
74075885 73636923
1450001530 1449591883
1454323383 1453917401
1507155141 1506742752
1516169134 1515706486
36023908 35566381
1487411500 1486945882
1538015250 1537538218
1528236367 1527809757
29772809 29348457
54256579 53829539
1325003736 1324410169
1378518217 1377990942
1164953508 1164500601
36424664 36048361
1225292420 1224892368
64948863 64579454
61432738 60981789
72539698 72081015
1652034034 1651552756
1550245282 1549793014
1627148039 1626645848
1554802187 1554343886
1548158277 1547702358
1386107028 1385602040
1213206438 1212784794
85878120 85537083
1295070528 1294651257
65264682 64626455
57734475 57357872
1440985729 1440572291
62344018 61970398
1452705362 1452316890
1475564302 1475201901
1504486516 1504197241
1417663856 1417255066
1519245483 1518784952
1605528216 1605144284
1633981120 1633650182
45615903 45300508
49264392 48786264
1470049195 1469519411
29795812 29446131
55030096 54705449
50715024 50078766
912274129 911768915
1208964212 1208335030
81018302 80392606
53069037 52792842
56944615 56317724
62436925 62051513
1331695807 1331262254
49239762 48883378
50246841 49869754
64561819 64178015
1276924803 1276551167
1366515512 1366168429
1284643856 1284252880
1374271714 1374030110
1311966878 1311379369
42578286 42198162
1288048502 1287525817
42566839 42147842
33465367 33075105
63039974 62604794
51360847 50858026
1304295272 1303928897
48884149 48505849
1330473677 1330108462
1500839210 1500408714
1371299299 1370882226
1458432765 1458112995
39823302 39389892
1437077430 1436696503
1438831783 1438198898
1509535692 1509193393
1516791938 1516387320
56260760 55884572
71117262 70688112
1255057503 1254424746
42717931 42132750
1414686417 1413790299
61223412 60774264
1544252703 1543740068
1529190432 1528759648
1490070067 1489595373
1577676934 1577220525
1420206025 1419719133
27365593 27002727
1375305113 1374842319
1412352678 1411968379
58915574 58550009
53617652 53149278
42903063 42532098
44968006 44361546
1279547221 1278957187
31689947 31389987
1277111248 1276490346
1470085400 1469645285
1424015490 1423650092
1522303340 1521796619
1525055148 1524642569
1518784499 1518370061
52519845 52168088
1378859645 1378437214
1515041568 1514568877
1382334988 1381902078
51953580 51525754
1516175132 1515730668
1496157447 1495555976
56403802 55902761
1532365965 1531953875
1503117528 1502805601
1533190348 1532743032
1530917114 1530499196
1469398854 1468942137
1575171213 1574700998
1479627136 1478968020
1501648107 1501234611
1585475044 1585052711
1580504331 1580056350
90118071 89709033
1533987730 1533577580
1612464108 1612140231
1588077304 1587393818
1577877666 1577462110
1560254822 1559893405
49350148 48929110
50857713 50361595
1428922710 1428556311
41917632 41528381
1264845989 1264375625
54777308 54322817
1361881803 1361472393
1383728179 1383299225
1324600422 1324146218
69203610 68795968
58585815 58161695
52622223 52265615
1188677497 1188367777
42126945 41816217
1421707101 1421242554
53355579 52761951
45370637 44748984
1469164518 1467886838
1480775559 1480362987
1406143235 1405651397
1571240363 1570609135
1486574753 1486161318
47214779 46844973
56628628 56243409
22366797 21947852
1375536175 1375001217
1294858959 1294346869
1449226579 1448572037
1501816925 1501405140
1539223928 1538721110
66137102 65650371
1541393594 1540987554
1571034169 1570423870
1539323235 1538890131
53692166 53287166
45829898 45442390
1407766381 1407354418
54638134 54219117
1493461003 1493010151
1410837304 1410408163
44657328 44354149
33926628 33474510
42329229 41841690
1355766388 1355355367
43830235 43268297
1142409078 1141694073
50521281 49888703
1390187916 1389690908
1390806283 1390216630
61983512 61361512
1495264309 1494849694
42461650 42075794
1379275514 1378783183
1443058122 1442611758
1374358584 1373963520
49917593 49613885
49061239 48613735
1528313584 1527925856
1392010833 1391584650
40563151 40138905
51794785 51253881
1222897144 1222354082
52197643 51568921
1309044164 1308485974
78446923 78077463
1448303795 1447844330
1376279698 1375821140
54330998 53885873
52928528 52554288
1395221092 1394789247
49776840 49411564
1601729907 1601328556
1677977180 1677577235
1594488390 1594007521
1435343718 1434901286
1585522884 1585054257
48330247 48020983
1473380500 1472963972
1473565593 1473050596
51855739 51472618
59318616 58572983
61211419 60918812
40004319 39549714
35739817 35390952
45705785 45059108
83043889 82754659
37952785 37515765
998653782 997992525
1101073334 1100710726
42748674 42317493
61154190 60843006
58207536 57869846
1206221651 1205758002
41076891 40687521
1212284083 1211843957
1190265411 1189731682
45914557 45361732
62596569 62234635
71457521 71057889
74280413 73825272
29142094 28723476
44985590 44551440
1294324182 1293625754
1129908453 1129415901
63393100 62946658
1191435433 1190879882
1161361790 1160812133
1408178820 1407709313
1553531508 1553002609
1572670339 1572227926
1630909201 1630244231
1579554646 1579204806
1530830134 1530431265
50089326 49468349
1540723208 1540246688
43032533 42588623
1513035186 1512613524
1514988356 1514592485
1486558842 1485932090
39932001 39573474
76545757 76183041
44443380 44096919
1346821632 1346339618
45367402 45009646
49908281 49422053
1345256685 1344754177
45198354 44765078
74335606 73892982
33287998 32842551
1351111530 1350517660
1389129007 1388689938
1210741259 1210281028
41604926 41164468
1271525402 1271054787
55651862 55162119
1349835670 1349258642
53354367 52893215
1492623534 1492224566
1577736887 1577088465
1405111585 1404617885
58840021 58325121
68330643 67620162
1527019730 1526654308
1457404167 1456973975
1374108607 1373637111
1517311873 1516889492
34116151 33745162
1285558366 1285184036
45201381 44526450
46260016 45912197
49979291 48847525
1308164116 1307705273
35931017 35489104
68812398 68394264
1249349123 1248928860
1468034911 1467612376
69197724 68300586
1489933729 1489484038
1338044920 1337621290
1282883032 1282350512
59066628 58727688
68946164 68538051
1536527812 1536051452
1379109276 1377970252
1504905510 1504407550
29454112 28816366
39035896 38549997
1508889451 1508219901
48999754 48383116
1475930861 1475306551
53270667 52907895
1456467178 1456050877
1345890551 1345467007
31820593 31374454
1377725277 1377102481
1448884440 1447911080
1321955499 1321548739
45087572 44700317
50088231 49464649
46181074 45805713
1405056203 1404580577
1477864813 1477410097
41803269 41384475
30535485 29872622
1510410964 1509942826
1522917181 1522512867
1542305255 1541878942
1435378094 1434672503
1442660591 1442169080
46413687 45657554
40915185 40507474
1096076579 1095562181
63586191 63145222
51807088 51381643
1381112045 1380531681
57729859 57286571
1367762361 1367110203
69119446 68496577
1441585382 1440996352
58688577 58067493
1349389682 1348953395
54350280 53728733
1365106637 1364349988
1558201070 1557759074
30724287 30068461
1531436321 1530945454
1257791438 1257166462
48812326 48474936
1308905457 1308464055
1493024741 1492580817
45207438 44822943
66173321 65537188
1440387357 1439909765
54382298 54021586
57264689 56937506
66569289 66254492
1297118492 1296629813
50549142 50149622
49480113 49133875
1435729038 1435235076
1400573790 1400110249
1431611747 1431140597
40483690 40031984
1387424883 1386832739
1355483013 1355080542
42348458 41884997
49808065 49375313
1265775202 1265342526
55587363 55140178
1180912164 1180278006
36608751 36157564
51804301 51434204
44443649 43984980
1231059980 1230639911
46214290 45766693
1349431069 1348841861
52156951 51775635
56054427 55650114
1488997161 1488617950
1425528144 1425073973
1479973511 1479481161
1485905892 1485442969
1292397663 1291924437
30019344 29655773
65674091 65265651
1444060323 1443542091
55967393 55640662
1405406479 1404961209
70717124 70311008
1264252586 1263793632
54771514 54355949
59937975 59347749
1180327279 1179933737
44471502 44058702
56851040 55815581
1404112146 1403696666
58325930 57670902
1404175259 1403773253
1456584964 1456239160
1397587445 1397170919
33173900 32849813
1298536577 1298120202
55458052 55071702
1328186744 1327938322
31758125 31400117
73067285 72687534
73397309 72809234
1250890093 1250485298
49071031 48715356
1401153107 1400788815
1205671740 1205274243
1435102431 1434702837
1415986926 1415585925
1515670348 1515023010
60797339 60153340
1507394685 1506994574
1521393612 1520786326
54480593 53868742
1536465643 1535899550
1471589527 1471147031
41899825 41498077
1524039132 1523655693
45580651 45259987
1478971767 1478577354
1398452356 1397849582
26211222 25639897
50344066 49780705
1286102795 1285710915
1364584051 1364217176
1439954835 1439322851
1319526525 1319179162
55717118 55405287
57425191 57058073
1557219155 1556287724
1523374529 1522838328
1585748923 1585312788
1591071215 1590740544
1540841247 1540323506
1436518335 1435960500
1495380947 1494980004
43691545 43334167
1185635506 1184962520
56002922 55684248
1567168808 1566761924
61708405 61336632
55462111 55092468
61843215 61215129
58890065 58291094
1517547147 1516936038
1364968070 1364299826
1383830697 1383310013
59423539 58887950
1417477787 1416945537
1434889819 1434474126
1245033391 1244624556
26377390 25921560
1467023792 1466409162
45548545 45167401
59176130 58777765
1374589453 1373884585
34898549 34495145
29474181 29093903
30539814 30184222
25579627 25188909
34100062 33734912
50533774 50225239
1075852343 1075271412
39517346 39124825
1111305666 1110904871
40858032 40409068
33797001 33378542
45748741 45332333
1106252206 1105804425
49272086 48855703
1028761734 1028342658
38088261 37641679
58440947 58023424
50825909 50428889
63198610 62760555
47843081 47422046
1241805789 1241328619
1292825039 1292366021
1261491613 1260962213
48329822 47897483
1284981150 1284401826
1364855515 1364412602
1413069083 1412580573
1438562657 1438029211
1595650148 1595174925
1589453629 1588930312
1622339758 1621833847
60500944 59364351
1505217467 1504765996
77255991 76854146
1442534563 1442105273
1575307181 1574895891
30871965 30484349
47219401 46846979
1479538763 1479087797
1418914468 1418425580
24176211 23798392
1335979457 1335580612
25090684 24698810
45249602 44877276
22432940 22026367
45762775 45407251
1101867702 1101391447
39703523 39355612
49227308 48905478
36912005 36515184
755669471 755274806
1126031941 1125575458
1278825625 1278377725
1509093458 1508205521
1612052781 1611630047
1654692469 1654272595
1617319329 1616922239
1676199157 1675283965
1613127442 1612668718
1686068232 1685624522
1448501930 1448011499
30763631 30337841
33525667 33152161
53901121 53504627
33130971 32809398
1092842684 1092398249
45363561 44997695
50769244 50325556
70802926 70467187
1201975840 1201519361
33101939 32689716
62709067 62338850
59808013 59462359
1098397807 1097933711
45509386 45146180
1145157543 1144775339
37480901 37162529
1252565296 1252158203
67833917 67372551
1380512689 1380106660
1435208778 1434753776
1448562112 1448125813
1443523402 1443102236
1559570044 1559101349
60278996 59823626
1429821573 1429375933
50841029 50492142
35941947 35575630
1329839206 1329460563
45693258 45241385
1273973351 1273623808
37259779 36943539
30555717 30173236
16924428 16377168
1402037315 1401643327
43261540 42644610
1123501767 1122909572
51981737 51580143
1422435930 1421977698
1383134318 1382733424
29794021 29423379
53580873 53228654
53481942 53073902
49140492 48765620
58885029 58249243
49326607 48698581
1301828187 1301419655
1180770664 1180382867
56287104 55632118
1127403930 1126937064
54996157 54374151
52100807 51648566
1349413144 1348994514
56415067 55777172
1309004567 1308493708
1350245241 1349878235
58067414 57627950
1244008692 1243643557
35338458 34931674
1363034939 1362421088
59570186 59138077
1307943913 1307379134
1377476500 1376830075
1239488087 1239049050
30652424 30206620
48796189 48382222
57633554 57186151
1381992538 1381508017
1439484745 1439066657
1531025170 1530413054
1517114420 1516661791
1472173424 1471750512
21725723 21365539
1564804051 1564448591
41793992 41424790
1280985449 1280523364
1452853526 1452162474
51788427 51392231
1440475731 1439999865
66033482 65407260
73766992 73331137
1451871203 1451437565
1503505651 1503047870
1460469667 1459753469
1579856796 1579436154
1487612081 1486873478
1556864587 1556417443
1569159468 1568794080
47519771 47099331
48727730 48362448
49231944 48792804
1352998174 1352555690
61359233 60943103
38062021 37638709
1279610187 1279234636
43286122 42838764
1323626864 1323048139
32890593 32598817
53582754 53147380
1333674307 1333298366
65360491 64974011
75079702 74727464
54582221 54207269
1214871939 1214462315
1387143526 1386685964
1287919389 1287560237
1406588536 1406046786
40320454 39992405
48746046 48351670
33096062 32796919
39604689 39251791
37903254 37524954
1176682009 1176263840
58073970 57666145
1029938526 1029322806
1265208613 1264708444
54233824 53612425
1377732025 1377207064
37742021 37369291
46345550 46012814
53652743 53243540
51910631 51383687
56598327 56260354
46217949 45812625
1292550547 1292096293
1266321689 1266007163
52535682 52215524
34765789 34247095
1230373488 1230081183
1278915295 1278580403
32871936 32533448
65405919 65028082
1248452750 1248095364
67796845 67358379
1205876743 1205372127
950710190 950271013
1417684758 1417272695
1446902530 1446386004
1545200949 1544750944
1512329434 1511939577
1623836366 1623276729
1596543391 1596043296
68882526 68351936
1609368989 1608800652
1611520554 1611250638
1521093049 1520614105
1662057617 1646527268
50669850 50133718
47084762 46712689
48972080 48538165
1031514596 1031077147
53188455 52677711
1305495138 1305067778
59093622 58781301
1421995959 1421550815
1459537374 1458989927
1567774630 1567368366
1558353375 1557964040
1477681859 1477351716
1581059711 1580688557
1402153787 1401740663
55260333 54920479
1481452647 1481042349
1451879796 1451465315
1674352541 1673734248
53709833 53338464
1391981391 1391623692
57801289 57422783
1587773293 1587398748
1557364870 1556992500
1546603705 1546062029
1569327101 1569034994
1485981972 1485506345
1441002763 1440607652
44990437 44621826
49840328 49244677
1374964624 1374574622
41517777 41117376
55001797 54629517
1438441787 1438034560
1377135196 1376775877
59312564 58955738
1391830310 1391401888
57275940 56881375
41817458 41424381
1389631617 1389291027
1316931182 1316623197
1382901489 1382581982
57662944 56967516
1394040843 1393519444
64084435 63765606
43137432 42549057
1427181844 1426823862
63793182 63484523
39063982 38697310
1409521357 1409213764
44682232 44340989
1210732505 1210364008
41609497 41061979
79520239 79173111
1258819551 1258232955
1264623683 1264234111
1274903780 1274515277
78499264 78165015
1327066082 1326557093
1377889286 1377456473
1463775049 1463402815
1608718949 1608362890
1513583246 1513078357
1546260650 1545875967
1550798823 1550402851
1575596709 1575225331
1625857452 1625456365
1511008342 1510601544
48314211 47979965
1421060794 1420659509
59899023 59563690
1544348299 1543758751
72548363 72158107
66271793 65681778
1513714238 1513294624
1478056591 1477691970
54499898 53857343
1385256693 1384854300
1500521408 1500076856
1327980142 1327584055
60850194 60459177
59388076 58819026
1224585935 1224218042
1387581384 1387174049
60109166 59587473
1446811702 1446169715
53110283 52745914
1336830219 1336186598
1435488572 1435045404
1354146503 1353755842
1440683095 1438604240
48734004 48067126
1495930242 1495481220
1552668110 1552314346
1577690858 1576962440
34709834 34080616
1552146550 1551666923
41184534 40758707
43617497 43171147
1486450763 1486114533
1415630025 1415220659
1435515209 1434921669
57038951 56611767
51648319 51200812
1457770005 1457112729
1472579989 1472128966
51233004 50608046
1325525605 1325132332
42794789 42194169
41965899 41345787
1377041590 1376537679
47058351 46436982
51291787 50914776
1337306592 1336879514
50238514 49884286
66209608 65810370
43573008 43183332
1341713249 1341259615
1246261794 1245845779
41608551 41162778
25272208 24936722
999699030 999156659
44760501 44397567
41570080 41103181
1206942082 1206502343
951353306 950910505
37814708 37525924
50442615 50069941
54986317 54599857
65018969 64379879
1055512168 1055018296
1385321485 1384748022
1450903123 1450450993
1563075383 1562709557
57202769 56673391
1518568901 1518086765
1538467368 1538123087
1569544794 1569099854
1524512061 1524177029
31159755 30827607
37097987 36716501
1471748589 1471131306
1177831595 1177407576
56245476 55830396
1264434695 1263996993
71113280 70719892
59038932 58660812
54308869 53933241
1340214434 1339828600
67696486 67295827
1531389405 1530986377
50322987 50005045
1469203363 1468833970
1453148646 1452858242
1426960229 1426563266
1552031363 1551674319
1450599012 1450236994
1325816146 1325284261
22662651 22401953
37703400 37443812
44299826 43994803
49283616 48921592
38507744 38174415
1082365266 1081918644
62345264 62064882
857924095 857513090
54974402 54643304
66431770 65813126
57272266 56940413
49595640 49270769
47668941 47255534
1299094362 1298699515
1284220742 1283794876
1259556456 1259172304
47082876 46489168
1448217455 1447900028
1470057837 1469711387
1418390458 1417811426
48542177 48149464
1439545768 1439148409
62692168 62291238
1520792241 1520392288
52091882 51773719
1488522887 1488130622
1413946870 1413388755
57507934 57124416
37376487 37002150
1353247228 1352869110
1337574435 1337272228
49240838 48869309
1444950409 1444302899
60434675 59840913
1444854763 1444400096
1356889950 1356485619
51596148 51261536
58786270 58242507
1308170970 1307812238
40903931 40500279
1359496251 1359150303
1404507026 1403932670
62034078 61467369
1556090004 1555696009
1434262086 1433905083
1454547942 1454204035
65125527 64783844
1465612120 1465229737
1356720836 1356356304
59519301 59135552
1555162366 1554781112
1276831166 1276465165
1512198248 1511752483
1478813004 1478403050
1405056646 1404660745
40074999 39704436
49202930 48827395
1540260960 1539834327
1547792526 1547498500
39534961 38974197
1511628417 1511268953
1510316716 1509879616
1367909843 1367483560
57889363 57555378
69604394 69314832
1518659223 1518261094
1359414922 1358914847
1488671779 1487838273
51543842 51218585
60901533 60299390
1331531403 1331142272
1435242996 1434820050
1328937333 1328495152
1456191182 1455807555
1514022548 1513662485
50572525 49986559
1535876155 1535516122
1526524725 1526137417
1515981049 1515644222
30722455 30380804
1544147044 1543583890
1518919693 1518550993
1487042204 1486656402
63188561 62840912
1450222103 1449873460
1408013990 1407590774
56194529 55863871
47371949 46953871
76986168 76581537
55229939 54650584
54036326 53630598
1340169812 1339812135
1380123017 1379708721
48975359 48581711
1363480772 1362820289
1383857275 1383473954
1378847640 1378434113
1320659476 1320010463
1360292032 1359843991
1470152695 1469491288
1547958029 1547516574
65829200 65214781
1602931244 1602446193
1584864294 1584397806
1529288562 1528824624
1429729990 1429359057
1551447828 1550999792
58094287 57755124
1518515886 1518159164
24623997 24259111
1331011550 1330626306
1464957785 1464556620
79365334 79018537
38854047 37626590
47535984 47016755
1052739869 1052131210
34035402 33465824
51778411 51297337
61687291 61201500
57611453 57000934
1048661142 1048173950
1516932726 1516435976
1496928345 1496530088
1505096686 1504624342
1521106415 1520742608
1432489600 1432125510
37666928 37347226
52668884 52285011
1387322417 1386766747
1370037194 1369447234
58511008 57910821
1452282117 1451862679
54279712 53816878
1433173830 1432535202
1316069614 1315411349
29354099 28988780
67037872 65615199
49917505 49288213
60311604 59761036
41340026 40882270
67692253 67088248
1229904196 1229436171
1329829436 1329405973
1345679678 1345225660
48330990 47905016
1328702109 1328273843
1360366088 1359969656
53862571 53423933
84516243 84093823
1281644123 1280974196
50023755 49576543
44702079 44249219
1497439310 1496877108
56217268 55794041
1377156192 1376541424
1403194671 1402708769
1409190093 1408614410
55607379 55218613
1384812745 1384355490
1442316377 1441850196
44913664 44530675
1405045706 1404652890
55472242 55055344
58283060 57862705
51700834 51123595
1416431624 1416030774
47353055 46941740
54276817 53849445
40808746 40422289
1392610509 1392155391
1315275741 1314880429
1324399097 1323996505
39759756 39365631
46854230 46527523
51240166 50941269
61177870 60910981
43302206 42913709
1202849943 1202497965
1217085747 1216734681
1078143995 1077534750
63004973 62649842
52069229 51693280
42023372 41650925
919065847 918691542
35513015 35060700
63243683 62912343
78353159 78037508
71431697 71107852
1066282634 1065860291
49061553 48659386
66416725 65989906
1228335252 1227930557
1346023774 1345633028
1327405868 1327053857
1394909185 1394505113
50546012 50171438
1385068020 1384647872
66074255 65741183
1385407358 1384597783
78907557 78518692
70936517 70551084
1400900854 1400432787
1422945786 1422547042
1535868766 1535491924
58652023 58305519
62908548 62538365
1492630552 1492202276
1152176619 1151769985
1491688378 1491338038
68762942 68172205
43125256 42505632
47781999 47192720
1473051178 1472628135
57358421 57016589
1439429890 1438926691
31497025 31154617
1261964000 1261541999
32559898 32174011
62364881 62095011
1389355721 1388985793
1328118118 1327702344
66404426 48343757
1299332074 1298979291
41891517 41519842
44905982 44618619
1108405104 1107974116
34647173 34105749
1173845921 1173459604
50626807 49975902
67317189 66973497
52927648 52283944
69458559 69115434
1235628576 1235234742
52355491 51759898
1296726340 1296260526
39099326 38482484
43138148 42753838
1388442194 1387839781
1405963610 1405425224
1410797725 1410453517
1385032465 1384655283
1353672981 1353274076
42061897 41698065
1384593482 1384179346
61476509 61100866
1420901168 1420492579
1456341574 1455916040
1552130583 1551438825
26182840 25515504
1515440993 1515066388
1572761302 1572370320
1581145768 1580817228
1427110563 1426736820
1504272594 1503728945
45381516 44862329
1455976431 1455565747
47926996 47565523
27340532 27020503
41890051 41518483
40302398 39743084
1265085323 1264692891
1298221191 1297812976
45934966 45555660
50254046 49745012
58816844 58305430
42184774 41579673
45274769 44736138
61228515 60808922
1318646744 1318205300
1228354359 1228028873
1257746577 1257386930
30547281 30210237
1255454425 1254904470
48600297 48195997
1289201431 1288797889
38021389 37471889
1205878597 1205438357
55675109 55118247
50993566 50403734
63609500 63183973
1282471651 1281995547
1313227769 1312507418
1441767518 1441434426
1463517792 1463169063
1472550041 1472169721
47077774 46476313
1521465565 1521099360
1550904821 1550450890
1570770457 1570384922
49753027 49381733
1501748984 1501183899
30491612 29868515
1451130304 1450678775
49725988 49317738
1448009127 1447539589
1279694392 1279257996
55388625 55071144
1338283118 1337857378
1255112415 1254727322
1467653289 1467099532
44297578 43944904
65533842 65203698
1404366629 1403923031
55828250 55218320
1518558010 1517137853
1569452320 1568785968
1468457437 1468111544
1569283967 1568902333
1483442593 1483156402
1557064145 1556695408
36142088 35585909
56933311 56574910
1232827831 1232437124
67228818 66918769
1314646701 1314227480
1182230398 1181665277
75526533 74882844
1501523141 1501181347
1561357889 1559672269
1535692013 1535073696
1583205007 1582673069
1580680767 1580287695
1566708666 1566198498
24516385 23972746
59023513 58503385
66054567 65618661
49122628 48568567
41453319 40861597
1195975857 1195401799
1366558918 1366191604
1369146871 1368753124
40736698 40228377
36839721 36511334
1216722186 1216134544
55629263 55015894
29776370 29433276
29095989 28548169
1082811982 1082472749
1186093012 1185597301
44938341 44539213
1473155126 1472586142
1537799090 1537418040
1501154841 1500645026
1482019401 1481612169
1450096512 1449743154
1605542793 1605210603
44309039 43914153
33779673 33358161
40132828 39747094
48413582 48116601
1407179297 1406631351
1492396092 1492029538
1360966423 1360365720
60130279 59687351
1326697700 1326092720
1271109215 1270686994
64267370 63830496
1476643362 1476304943
1492068289 1491600592
1540886439 1540433001
1519342227 1518941603
1540226916 1539800820
1558987983 1558563279
26339061 26021987
49033224 48720614
1491639978 1491156092
1446444822 1445860235
36248916 35856504
42401447 42083874
36202720 35801372
1490299359 1489875527
55435446 55082460
60528153 60143049
1212006069 1211532211
1235997617 1235533951
1117932828 1117555567
71735436 71402971
55905936 55472744
1219218746 1218759464
55196674 54800993
58603218 57969216
1448819386 1448380331
1485278951 1484731269
1464332102 1463971880
1521216790 1520623075
1391941950 1391546906
62794411 62377213
1338763389 1338328517
1445569435 1445160134
1576492389 1576010961
70140738 69477034
1487349621 1486912588
55689866 55053879
1532392137 1531845482
63671862 63315682
1488661967 1488022095
1467342484 1466893926
1485633723 1485204942
1447491629 1447128263
1456199358 1455573229
1465850892 1465283398
69472090 68859167
66819243 66484498
1441999037 1441576087
68385842 68037934
1451909813 1451415022
57920847 57566322
1502843983 1502485018
1462322151 1461607672
59555750 59228051
1418100566 1417688177
1440924699 1440507064
1392332229 1391812508
52844940 52491030
24722394 24421164
1394577084 1394000536
58108356 57759463
1337511486 1336901696
1331906136 1331506102
62516644 62080268
1365935390 1365536317
41174914 40819854
1380857176 1380505441
53702433 53391346
1455262111 1454690696
1484437423 1483865237
1436363748 1435968494
46922232 46547865
1516248410 1515727617
1508208688 1507798539
30484024 30116268
1364988832 1364543639
66831362 66565284
1446133800 1445717962
61298729 60937251
1404600763 1404091193
47413348 47046005
50729263 50379045
1259832574 1259428523
1410337601 1409935828
55483368 55059125
1431273088 1430917993
1265866002 1265451761
43932019 43461778
1420530281 1420026398
27108376 26586725
1531278706 1530871289
46545695 45931270
71856188 71395993
1381980057 1381621996
1423598884 1423067897
1337602813 1337010219
52045077 51692306
1337849460 1337433577
56337715 55906729
49236511 48851602
1398225373 1397748868
40523438 40031843
48534268 48051351
1350557255 1350157476
1366169497 1365544434
1429311399 1428901652
1426504693 1426146394
61107482 60662545
1502916701 1502337157
1514981669 1514462238
43806970 43430174
56013452 55564896
1385973178 1385586992
1455179509 1454782704
1446180128 1445737135
36771215 36410175
57370013 56865687
56088664 55532149
1362854841 1362221068
1308113063 1307535483
1379976507 1379440589
56351234 55828669
66621000 66234558
1399877710 1399318199
1368817863 1368418503
1409827550 1409406586
64183803 63771467
77515220 77152818
1422953241 1422356688
1387166443 1386539985
43291581 42765910
65326734 64912850
1441727154 1440990098
1202198570 1201568974
52597201 52010562
53884431 53446265
1366288355 1365722334
1221132106 1220598698
17383756 16826495
46769448 46412162
1460074018 1459484760
48748201 48375502
1494175409 1493805265
61880452 61262378
1556798036 1556199335
1486107340 1485701655
1320219251 1319720569
1401237315 1400621559
54883539 54437765
1346049320 1345646966
72016698 71638224
1365220218 1364842349
1395362280 1394977239
1341381481 1340846765
1546249922 1545810168
1544008114 1543234444
1545719605 1545482266
1565355612 1564969849
46500118 46129062
1486721140 1486069804
1489042483 1488641668
1397571251 1396891687
47795730 47213373
1445168543 1443700703
62813521 62459582
39843433 39244548
1479077348 1478620402
1459437805 1458877996
71034183 70393185
65005113 64721058
73896903 73175431
1412464596 1412011553
1409752170 1409457430
1410025198 1409630451
1310056398 1309450103
1482950715 1482495461
31033318 30616771
1487088511 1486600482
1513503342 1512850363
1450918526 1450363655
46833943 46263069
1411181621 1410838436
1330045047 1329599040
52998738 52652055
54959822 54349957
65137632 64639827
1473284490 1472892347
1483621460 1483227705
1541248171 1540846055
37782084 37452644
1409284245 1408877467
37172000 36847751
1395333140 1394945718
44457914 44078359
1275510755 1275148135
1330387618 1329773420
1344990113 1344348969
1532548307 1532138556
1532484781 1532086370
1579043687 1578680736
1555774656 1555361781
56589168 56244381
1527870260 1527469302
1512322483 1512056311
1511429340 1510986255
1489667479 1489047617
1458992577 1458600932
53561697 53163336
1472239227 1471498695
69919474 69391362
66973730 66576078
49102179 48452157
1329524189 1329153841
1497710626 1497143688
1448255248 1447686941
1498448935 1497831593
1465978786 1465599260
1494021536 1493634131
1396597877 1396205500
54771012 54463042
66034299 65600157
1544807199 1544364692
1479520690 1479074657
1419948991 1419299481
63983032 63357253
1468821983 1468190017
1459001885 1458538965
1549271897 1548883884
1528091146 1527675730
1530025747 1529595090
54399205 53955646
1567215089 1566761216
48160694 47539129
1420798828 1420319523
1447296497 1446853237
1428591956 1428084045
59586848 59148270
60179333 59751566
1515720717 1515121973
1381677702 1381202303
1433540496 1433071343
1530050706 1529580631
1573989999 1573584240
1535050654 1534576682
1499231416 1498562269
1549935258 1549525775
50092611 49675160
61412443 60796031
1458044432 1457569822
61027277 60589993
1466160226 1465694671
1545546741 1545111106
1485747258 1485245975
1460462903 1460027785
47232680 46860045
60428744 59809101
1502054482 1501578580
1404863203 1404374355
1360041181 1359571299
68282989 67890997
47307013 46932848
41373525 40973448
49012841 48625731
1378813851 1378327789
1533432104 1533005677
1526315601 1525701202
1397039819 1396641700
44296384 43922595
1346516771 1346115600
47602990 47246798
49737294 49342961
1344324743 1343729208
1383306799 1382860020
1500576647 1499965373
1332427197 1332016593
1496304030 1495653275
53864503 53476939
1499590217 1499170902
1489428823 1488805260
53878363 53535892
1560822874 1560390828
1434612792 1434208819
1573047439 1572705157
52890093 52456914
1494186789 1493781997
42930209 42512131
58007998 57614506
35505666 35160130
1354405962 1353998759
81503514 81053904
1423727884 1423134525
1343175564 1342671182
76803306 76409702
77464287 77185232
1321327663 1320917834
1404980894 1404532622
1419161769 1418693276
1430464951 1429995857
1361737605 1361283984
1491300711 1490826620
1434474691 1434015485
41586740 41111426
46483233 46085817
53872458 53496214
35975092 35567429
44059518 43610353
1419782464 1419328731
60523005 60072051
1336850760 1336510709
1406697297 1406273442
1383733206 1383130573
1357816085 1357410257
41537296 41140169
37274151 36875326
47320144 46981726
1224040800 1223523933
43124873 42774916
67246726 66844962
55987399 55554831
1185535317 1185071066
1384549816 1384124638
1411522044 1411027132
40970324 40531229
1347610580 1347178651
53691173 53251132
1347852043 1347387533
1486847787 1486390797
76152411 75735721
1558710581 1558272186
1509768153 1509298280
32212027 31794501
1381803212 1381338929
29760365 29298351
70434042 69992085
1384756326 1384359675
39825267 39369929
1322500362 1322068997
1330147238 1329677246
1543555952 1543092556
53462639 52999854
1275926763 1275491366
53577683 53151275
32467404 32034858
1346094583 1345611294
1542029517 1541590587
1502583995 1502137668
1425417630 1424933438
1542705476 1542283661
1498381818 1497282243
53664096 53279418
1510910249 1510433824
1496073353 1495614915
50935329 50512580
1392751846 1392396652
49868511 48690386
1513930573 1513541447
47259908 46835988
1314739372 1314271429
1097379856 1096925184
1070236104 1069807322
1037667435 1037179535
743333336 742838216
